# t order
0 0.000000
5 0.116862
10 0.142759
15 0.059054
20 0.010622
25 0.060216
30 0.089834
35 0.103675
40 0.081037
45 0.062696
50 0.049276
55 0.030135
60 0.016018
65 0.018114
70 0.016851
75 0.029841
80 0.029309
85 0.029245
90 0.037379
95 0.045554
100 0.052975
105 0.058499
110 0.056529
115 0.057140
120 0.046839
125 0.043473
130 0.043978
135 0.048365
140 0.055122
145 0.058635
150 0.066449
155 0.076544
160 0.076488
165 0.079738
170 0.078112
175 0.084229
180 0.084697
185 0.069718
190 0.067904
195 0.070937
200 0.076597
205 0.073222
210 0.073536
215 0.073305
220 0.065588
225 0.058705
230 0.052938
235 0.055603
240 0.056010
245 0.048712
250 0.044040
255 0.039506
260 0.045261
265 0.045871
270 0.048497
275 0.050785
280 0.055686
285 0.062077
290 0.062963
295 0.065201
300 0.066302
305 0.066127
310 0.070881
315 0.070238
320 0.067951
325 0.070087
330 0.069684
335 0.065957
340 0.065807
345 0.064556
350 0.061328
355 0.060732
360 0.054989
365 0.052587
370 0.051057
375 0.052897
380 0.046268
385 0.047894
390 0.047111
395 0.050208
400 0.048266
405 0.048524
410 0.042336
415 0.041789
420 0.041520
425 0.038754
430 0.040755
435 0.039488
440 0.037996
445 0.039310
450 0.042195
455 0.041666
460 0.041083
465 0.044339
470 0.043875
475 0.049464
480 0.053172
485 0.052478
490 0.050700
495 0.052249
500 0.055298
505 0.053769
510 0.054691
515 0.051383
520 0.053572
525 0.052247
530 0.049922
535 0.047926
540 0.046504
545 0.044665
550 0.044344
555 0.044809
560 0.043073
565 0.042003
570 0.046099
575 0.045863
580 0.049679
585 0.054258
590 0.048386
595 0.048572
600 0.050989
605 0.049402
610 0.048503
615 0.046081
620 0.047561
625 0.048429
630 0.048241
635 0.050345
640 0.051020
645 0.053894
650 0.053315
655 0.055612
660 0.057472
665 0.058308
670 0.059632
675 0.062546
680 0.064541
685 0.063956
690 0.068146
695 0.069147
700 0.067925
705 0.067718
710 0.066215
715 0.066585
720 0.065422
725 0.066934
730 0.065620
735 0.070487
740 0.069245
745 0.069534
750 0.071212
755 0.067815
760 0.066503
765 0.064827
770 0.062934
775 0.063865
780 0.062579
785 0.063589
790 0.062013
795 0.062728
800 0.063200
805 0.062661
810 0.061442
815 0.058189
820 0.057096
825 0.056815
830 0.056712
835 0.054148
840 0.052328
845 0.052334
850 0.052677
855 0.049350
860 0.046316
865 0.046755
870 0.046138
875 0.043750
880 0.043429
885 0.044236
890 0.044615
895 0.045666
900 0.047078
905 0.046317
910 0.047730
915 0.048531
920 0.050499
925 0.052478
930 0.054984
935 0.055639
940 0.058200
945 0.060189
950 0.061056
955 0.060033
960 0.062080
965 0.064358
970 0.067321
975 0.065020
980 0.065753
985 0.065132
990 0.065280
995 0.065723
1000 0.066251
