# t circulation
0 0.393408
5 0.411183
10 0.410112
15 0.389890
20 0.393382
25 0.398533
30 0.387645
35 0.394242
40 0.421259
45 0.441490
50 0.435269
55 0.444393
60 0.442676
65 0.443890
70 0.448710
75 0.460805
80 0.456581
85 0.465930
90 0.467957
95 0.473758
100 0.477768
105 0.484542
110 0.493144
115 0.504663
120 0.517316
125 0.514971
130 0.516259
135 0.521163
140 0.527463
145 0.535250
150 0.541049
155 0.546186
160 0.551420
165 0.555046
170 0.558166
175 0.569965
180 0.580836
185 0.582103
190 0.584862
195 0.582737
200 0.586751
205 0.575471
210 0.577343
215 0.578905
220 0.574349
225 0.574994
230 0.576107
235 0.585210
240 0.596338
245 0.607621
250 0.611658
255 0.614075
260 0.615513
265 0.621595
270 0.624028
275 0.634937
280 0.641165
285 0.649071
290 0.647321
295 0.650636
300 0.656810
305 0.657271
310 0.667927
315 0.672260
320 0.680529
325 0.681487
330 0.689534
335 0.698371
340 0.702448
345 0.709562
350 0.714624
355 0.719221
360 0.723933
365 0.732191
370 0.738783
375 0.744953
380 0.747780
385 0.746655
390 0.748265
395 0.745798
400 0.740329
405 0.746196
410 0.745199
415 0.747165
420 0.750908
425 0.751549
430 0.758536
435 0.755019
440 0.757993
445 0.757538
450 0.760775
455 0.765256
460 0.766653
465 0.769095
470 0.769299
475 0.774117
480 0.779752
485 0.777940
490 0.780598
495 0.782076
500 0.783137
505 0.782045
510 0.785592
515 0.789544
520 0.791452
525 0.793882
530 0.793034
535 0.793931
540 0.793501
545 0.793000
550 0.797234
555 0.798723
560 0.807287
565 0.806415
570 0.805202
575 0.805931
580 0.807583
585 0.811411
590 0.814997
595 0.821606
600 0.823464
605 0.824032
610 0.825602
615 0.827860
620 0.824824
625 0.823478
630 0.822189
635 0.819281
640 0.815563
645 0.815632
650 0.809976
655 0.815808
660 0.815701
665 0.816079
670 0.814849
675 0.814274
680 0.817034
685 0.817260
690 0.818162
695 0.822976
700 0.818873
705 0.820499
710 0.823501
715 0.823961
720 0.823856
725 0.824058
730 0.820993
735 0.818219
740 0.821959
745 0.822466
750 0.827324
755 0.834167
760 0.830835
765 0.831700
770 0.827917
775 0.824667
780 0.824691
785 0.823987
790 0.827182
795 0.825339
800 0.828549
805 0.830751
810 0.833952
815 0.837902
820 0.839805
825 0.842083
830 0.842220
835 0.846605
840 0.842320
845 0.842197
850 0.839941
855 0.837946
860 0.835249
865 0.837609
870 0.834776
875 0.834619
880 0.832710
885 0.834028
890 0.832080
895 0.834702
900 0.834096
905 0.833083
910 0.833402
915 0.836385
920 0.838789
925 0.838944
930 0.841881
935 0.840883
940 0.835922
945 0.834015
950 0.835471
955 0.837265
960 0.842444
965 0.842031
970 0.842657
975 0.844288
980 0.846527
985 0.846048
990 0.849824
995 0.851756
1000 0.850222
