# t order
0 0.026686
5 0.214106
10 0.289458
15 0.299342
20 0.334135
25 0.382234
30 0.438048
35 0.498421
40 0.530138
45 0.559804
50 0.587744
55 0.622950
60 0.664895
65 0.705297
70 0.726986
75 0.759630
80 0.785358
85 0.817182
90 0.841203
95 0.872424
100 0.899833
105 0.920175
110 0.931659
115 0.946935
120 0.951645
125 0.960672
130 0.971164
135 0.976011
140 0.982010
145 0.986076
150 0.987011
155 0.987880
160 0.988666
165 0.989826
170 0.990231
175 0.990377
180 0.991857
185 0.991735
190 0.991861
195 0.991839
200 0.991701
205 0.992176
210 0.992047
215 0.990851
220 0.990358
225 0.990390
230 0.990695
235 0.990375
240 0.991095
245 0.991168
250 0.991546
255 0.991429
260 0.991463
265 0.991676
270 0.990986
275 0.991023
280 0.989967
285 0.989852
290 0.990042
295 0.989164
300 0.988506
305 0.988931
310 0.989624
315 0.986977
320 0.985372
325 0.983632
330 0.983497
335 0.983414
340 0.983351
345 0.982988
350 0.982992
355 0.982807
360 0.982834
365 0.982712
370 0.982859
375 0.982955
380 0.983020
385 0.983238
390 0.983243
395 0.983398
400 0.983305
405 0.988989
410 0.989901
415 0.990645
420 0.990780
425 0.991222
430 0.992225
435 0.992604
440 0.992596
445 0.993045
450 0.993009
455 0.993287
460 0.993072
465 0.993241
470 0.992775
475 0.992825
480 0.992625
485 0.992895
490 0.992183
495 0.991902
500 0.992421
505 0.992285
510 0.991603
515 0.991262
520 0.991004
525 0.990183
530 0.988991
535 0.988901
540 0.987533
545 0.988124
550 0.989322
555 0.990199
560 0.991568
565 0.992563
570 0.993086
575 0.994147
580 0.994992
585 0.995171
590 0.995410
595 0.995719
600 0.995921
605 0.996111
610 0.995838
615 0.995826
620 0.995774
625 0.996020
630 0.996300
635 0.996412
640 0.996405
645 0.996552
650 0.996544
655 0.996767
660 0.996688
665 0.996734
670 0.996810
675 0.996794
680 0.996433
685 0.995865
690 0.994532
695 0.994791
700 0.995346
705 0.995106
710 0.994154
715 0.994053
720 0.994307
725 0.994711
730 0.995839
735 0.995673
740 0.996600
745 0.997060
750 0.997056
755 0.997210
760 0.997293
765 0.997550
770 0.997615
775 0.997460
780 0.997867
785 0.997787
790 0.997704
795 0.997883
800 0.997853
