# t order
0 0.048870
5 0.077206
10 0.137213
15 0.083630
20 0.040081
25 0.088134
30 0.043829
35 0.059641
40 0.075983
45 0.051802
50 0.009999
55 0.038608
60 0.092294
65 0.029729
70 0.041795
75 0.057802
80 0.034918
85 0.013271
90 0.049669
95 0.014651
100 0.044613
105 0.029540
110 0.025020
115 0.026185
120 0.097157
125 0.083196
130 0.025098
135 0.115477
140 0.090750
145 0.149585
150 0.065533
155 0.081578
160 0.052482
165 0.087535
170 0.062194
175 0.067978
180 0.039696
185 0.110856
190 0.139554
195 0.062109
200 0.098508
205 0.055929
210 0.022132
215 0.070844
220 0.022470
225 0.074231
230 0.077044
235 0.030227
240 0.021435
245 0.046082
250 0.037260
255 0.075512
260 0.072546
265 0.055300
270 0.009194
275 0.047598
280 0.047851
285 0.025363
290 0.180437
295 0.031634
300 0.031104
305 0.020890
310 0.069060
315 0.052019
320 0.050165
325 0.072810
330 0.123241
335 0.026759
340 0.046318
345 0.071798
350 0.070800
355 0.054482
360 0.104243
365 0.055099
370 0.020770
375 0.079317
380 0.080607
385 0.095472
390 0.057254
395 0.078136
400 0.065153
405 0.077863
410 0.053987
415 0.041574
420 0.055219
425 0.084484
430 0.042677
435 0.060343
440 0.065157
445 0.058677
450 0.163598
455 0.062319
460 0.039282
465 0.103499
470 0.081704
475 0.032255
480 0.041072
485 0.013294
490 0.106647
495 0.084803
500 0.073636
