# t order
0 0.065641
5 0.229253
10 0.359764
15 0.428966
20 0.490907
25 0.549384
30 0.574026
35 0.673981
40 0.762648
45 0.803551
50 0.840517
55 0.874282
60 0.898216
65 0.915553
70 0.920781
75 0.936988
80 0.943782
85 0.936797
90 0.943255
95 0.944678
100 0.951120
105 0.961005
110 0.965762
115 0.970876
120 0.972265
125 0.971804
130 0.974587
135 0.978680
140 0.980637
145 0.982099
150 0.984772
155 0.986986
160 0.986972
165 0.983044
170 0.984393
175 0.984660
180 0.986000
185 0.986395
190 0.981398
195 0.981844
200 0.985092
205 0.982891
210 0.983201
215 0.985240
220 0.983220
225 0.984739
230 0.984687
235 0.985960
240 0.982282
245 0.978529
250 0.981166
