# t order
0 0.065641
5 0.232847
10 0.331679
15 0.339457
20 0.357090
25 0.399937
30 0.435725
35 0.493882
40 0.609745
45 0.739777
50 0.800398
55 0.851084
60 0.893715
65 0.907760
70 0.931446
75 0.931244
80 0.946799
85 0.958939
90 0.959456
95 0.949664
100 0.957659
105 0.961539
110 0.964145
115 0.967521
120 0.961321
125 0.959919
130 0.959112
135 0.961957
140 0.966584
145 0.968186
150 0.969274
155 0.973217
160 0.973480
165 0.968465
170 0.971472
175 0.971064
180 0.972113
185 0.976286
190 0.971846
195 0.970041
200 0.977506
205 0.975989
210 0.977543
215 0.982024
220 0.975582
225 0.977874
230 0.978862
235 0.983247
240 0.979582
245 0.975961
250 0.979494
255 0.975698
260 0.978894
265 0.981201
270 0.981573
275 0.982308
280 0.978465
285 0.982248
290 0.981017
295 0.985324
300 0.981720
305 0.981438
310 0.977468
315 0.977152
320 0.979226
325 0.982287
330 0.977810
335 0.978455
340 0.976195
345 0.976644
350 0.977552
355 0.979815
360 0.981349
365 0.981706
370 0.979463
375 0.980648
380 0.983859
385 0.979710
390 0.979903
395 0.978435
400 0.979984
405 0.979368
410 0.978753
415 0.980962
420 0.983049
425 0.981802
430 0.980791
435 0.978787
440 0.981683
445 0.980764
450 0.980061
455 0.983084
460 0.981305
465 0.981330
470 0.981274
475 0.980459
480 0.981838
485 0.984322
490 0.979935
495 0.978356
500 0.973050
