# t order
0 0.032102
5 0.236619
10 0.255321
15 0.250719
20 0.293787
25 0.246348
30 0.277101
35 0.309738
40 0.320963
45 0.330924
50 0.406022
55 0.380376
60 0.422798
65 0.529077
70 0.494132
75 0.524429
80 0.525308
85 0.511206
90 0.550134
95 0.559445
100 0.586106
105 0.606282
110 0.621718
115 0.559583
120 0.589794
125 0.615242
130 0.622480
135 0.627820
140 0.629706
145 0.625266
150 0.644898
155 0.643248
160 0.628917
165 0.640165
170 0.609797
175 0.600097
180 0.582741
185 0.570817
190 0.591342
195 0.598343
200 0.631653
205 0.592209
210 0.623336
215 0.625251
220 0.628575
225 0.631826
230 0.633752
235 0.629027
240 0.618391
245 0.621453
250 0.630240
255 0.614678
260 0.596858
265 0.624936
270 0.601360
275 0.591635
280 0.600103
285 0.598337
290 0.542436
295 0.582809
300 0.559344
305 0.581870
310 0.615247
315 0.604513
320 0.598627
325 0.593701
330 0.630288
335 0.640982
340 0.631234
345 0.649249
350 0.632306
355 0.625299
360 0.619864
365 0.600621
370 0.607873
375 0.613540
380 0.601832
385 0.629416
390 0.624761
395 0.615355
400 0.616955
405 0.659315
410 0.634431
415 0.636097
420 0.622411
425 0.615685
430 0.626771
435 0.628551
440 0.633194
445 0.626530
450 0.583551
455 0.555772
460 0.563937
465 0.586287
470 0.546725
475 0.527537
480 0.482080
485 0.491677
490 0.538328
495 0.560050
500 0.560866
505 0.649977
510 0.616657
515 0.602559
520 0.595584
525 0.584438
530 0.544265
535 0.549032
540 0.573313
545 0.539670
550 0.561658
555 0.605542
560 0.626359
565 0.588969
570 0.581919
575 0.591053
580 0.571830
585 0.617654
590 0.620490
595 0.638412
600 0.599270
605 0.600919
610 0.597005
615 0.590356
620 0.577667
625 0.585902
630 0.614784
635 0.641279
640 0.600157
645 0.618911
650 0.653747
655 0.626370
660 0.611988
665 0.618980
670 0.599942
675 0.621705
680 0.629988
685 0.645276
690 0.637954
695 0.611448
700 0.607422
705 0.614760
710 0.598489
715 0.641013
720 0.600520
725 0.643531
730 0.651120
735 0.631536
740 0.633416
745 0.610107
750 0.625945
