# t order
0 0.021440
5 0.049295
10 0.072605
15 0.130455
20 0.232369
25 0.308830
30 0.393847
35 0.449386
40 0.516057
45 0.569675
50 0.636301
55 0.685032
60 0.740848
65 0.771998
70 0.796672
75 0.823144
80 0.863638
85 0.873122
90 0.891759
95 0.912498
100 0.931038
105 0.943986
110 0.950348
115 0.951265
120 0.956667
125 0.962772
130 0.965593
135 0.970885
140 0.973461
145 0.977610
150 0.977023
155 0.982073
160 0.980078
165 0.981088
170 0.981130
175 0.982968
180 0.982306
185 0.981807
190 0.982152
195 0.984621
200 0.983604
205 0.985255
210 0.984792
215 0.983642
220 0.982690
225 0.983948
230 0.983917
235 0.982465
240 0.982704
245 0.982060
250 0.982090
255 0.981973
260 0.983451
265 0.983494
270 0.983107
275 0.984098
280 0.984287
285 0.985270
290 0.983486
295 0.984256
300 0.983545
305 0.982293
310 0.982535
315 0.980921
320 0.982838
325 0.983634
330 0.983079
335 0.983805
340 0.982377
345 0.982192
350 0.984218
355 0.984276
360 0.982929
365 0.984315
370 0.983571
375 0.984110
380 0.984165
385 0.983506
390 0.984339
395 0.984223
400 0.983904
405 0.983247
410 0.982792
415 0.982461
420 0.982822
425 0.983971
430 0.983965
435 0.983598
440 0.985321
445 0.984683
450 0.984302
455 0.982878
460 0.981539
465 0.983599
470 0.984235
475 0.983717
480 0.983778
485 0.983264
490 0.983333
495 0.983801
500 0.984097
