# t order
0 0.019246
5 0.168975
10 0.161180
15 0.164624
20 0.185404
25 0.244434
30 0.334200
35 0.356502
40 0.375629
45 0.410329
50 0.431295
55 0.437339
60 0.438772
65 0.449653
70 0.473836
75 0.514534
80 0.602576
85 0.660280
90 0.724297
95 0.786810
100 0.833132
105 0.872487
110 0.909397
115 0.928035
120 0.947621
125 0.958850
130 0.966478
135 0.971298
140 0.974166
145 0.979763
150 0.984327
155 0.984560
160 0.986417
165 0.986481
170 0.987875
175 0.987177
180 0.986831
185 0.987369
190 0.986379
195 0.987957
200 0.987995
205 0.988625
210 0.987821
215 0.988030
220 0.987654
225 0.988163
230 0.987645
235 0.987780
240 0.988162
245 0.988474
250 0.988257
255 0.988908
260 0.988454
265 0.988838
270 0.988314
275 0.988140
280 0.988825
285 0.989858
290 0.989663
295 0.989078
300 0.988556
305 0.987723
310 0.988326
315 0.987873
320 0.988458
325 0.988104
330 0.987725
335 0.987877
340 0.987807
345 0.988113
350 0.988887
355 0.988275
360 0.987642
365 0.988486
370 0.988267
375 0.987821
380 0.987163
385 0.988031
390 0.988627
395 0.988391
400 0.988726
405 0.988700
410 0.989062
415 0.987362
420 0.987979
425 0.988799
430 0.988262
435 0.988953
440 0.988276
445 0.988299
450 0.988919
455 0.989014
460 0.988013
465 0.988612
470 0.988608
475 0.988747
480 0.988299
485 0.988298
490 0.988238
495 0.988088
500 0.988692
