# t order
0 0.027674
5 0.036995
10 0.048052
15 0.035996
20 0.039665
25 0.057617
30 0.023585
35 0.018273
40 0.039981
45 0.032145
50 0.011735
55 0.065384
60 0.023383
65 0.082941
70 0.056349
75 0.043084
80 0.014112
85 0.030385
90 0.025584
95 0.043635
100 0.024239
105 0.014860
110 0.043778
115 0.013417
120 0.040533
125 0.033473
130 0.023598
135 0.043051
140 0.022261
145 0.028104
150 0.039504
155 0.060694
160 0.023610
165 0.024467
170 0.025883
175 0.007809
180 0.038639
185 0.029944
190 0.047680
195 0.052963
200 0.028835
205 0.053132
210 0.034071
215 0.058544
220 0.013687
225 0.047819
230 0.027260
235 0.024159
240 0.021309
245 0.046005
250 0.044356
255 0.053898
260 0.015809
265 0.010462
270 0.026529
275 0.053947
280 0.043019
285 0.010477
290 0.009358
295 0.016959
300 0.030818
305 0.039114
310 0.058546
315 0.022720
320 0.050177
325 0.023701
330 0.015340
335 0.017365
340 0.007403
345 0.049555
350 0.027014
355 0.026911
360 0.011823
365 0.035214
370 0.035408
375 0.031318
380 0.038909
385 0.009736
390 0.020576
395 0.039052
400 0.016769
405 0.013350
410 0.018746
415 0.039779
420 0.032233
425 0.027931
430 0.008442
435 0.026448
440 0.047525
445 0.026120
450 0.037149
455 0.005651
460 0.043844
465 0.027296
470 0.034617
475 0.023298
480 0.023210
485 0.023188
490 0.034664
495 0.017924
500 0.016521
