# t order
0 0.062499
5 0.201852
10 0.137347
15 0.239004
20 0.333553
25 0.277696
30 0.289367
35 0.193460
40 0.217300
45 0.126028
50 0.138240
55 0.163464
60 0.264481
65 0.321234
70 0.452641
75 0.471938
80 0.464914
85 0.535969
90 0.638359
95 0.503547
100 0.523026
105 0.436438
110 0.353261
115 0.506559
120 0.414396
125 0.457448
130 0.415265
135 0.398972
140 0.431330
145 0.420604
150 0.430770
155 0.414022
160 0.422885
165 0.451785
170 0.507262
175 0.547124
180 0.566481
185 0.544530
190 0.587053
195 0.543802
200 0.560373
205 0.598401
210 0.534093
215 0.477875
220 0.424027
225 0.389644
230 0.351897
235 0.363407
240 0.441113
245 0.513990
250 0.554300
255 0.469108
260 0.307417
265 0.486639
270 0.426254
275 0.360372
280 0.410799
285 0.325923
290 0.335023
295 0.294481
300 0.382925
305 0.452297
310 0.448242
315 0.364691
320 0.317180
325 0.411384
330 0.403926
335 0.480387
340 0.407753
345 0.529130
350 0.454582
355 0.476433
360 0.416016
365 0.415391
370 0.466506
375 0.470628
380 0.453623
385 0.408490
390 0.456012
395 0.421052
400 0.444775
405 0.377383
410 0.393460
415 0.345933
420 0.257979
425 0.220709
430 0.165974
435 0.295379
440 0.424063
445 0.331785
450 0.236815
455 0.239729
460 0.423250
465 0.514306
470 0.365529
475 0.389237
480 0.345411
485 0.378694
490 0.353412
495 0.380940
500 0.425959
505 0.470532
510 0.479767
515 0.483805
520 0.470332
525 0.432609
530 0.454046
535 0.404585
540 0.516514
545 0.504255
550 0.506206
555 0.463368
560 0.377282
565 0.462538
570 0.472870
575 0.468335
580 0.450501
585 0.451944
590 0.426720
595 0.412659
600 0.344404
605 0.403293
610 0.322477
615 0.341585
620 0.298927
625 0.365737
630 0.392881
635 0.478073
640 0.487735
645 0.568229
650 0.470809
655 0.468616
660 0.428084
665 0.358562
670 0.357665
675 0.357918
680 0.367696
685 0.348825
690 0.399966
695 0.344916
700 0.322765
705 0.191973
710 0.120709
715 0.152429
720 0.229399
725 0.146469
730 0.267579
735 0.371796
740 0.428039
745 0.538504
750 0.626011
