# t theta_S theta_L C
0 2.59487833 1.57079633 0.51988329
1 2.57508656 1.57679633 0.54174024
2 2.59188530 1.58279633 0.53263199
3 2.57789039 1.58879633 0.54944702
4 2.58356232 1.59479633 0.54972110
5 2.60179889 1.60079633 0.53945841
6 2.62028900 1.60679633 0.52889978
7 2.61990038 1.61279633 0.53431087
8 2.62472293 1.61879633 0.53530578
9 2.63253338 1.62479633 0.53377570
10 2.61754135 1.63079633 0.55140819
11 2.59298368 1.63679633 0.57663910
12 2.60519283 1.64279633 0.57155515
13 2.60413770 1.64879633 0.57733006
14 2.58483498 1.65479633 0.59780299
15 2.59240982 1.66079633 0.59653979
16 2.57780279 1.66679633 0.61295083
17 2.57865439 1.67279633 0.61701055
18 2.57006896 1.67879633 0.62842259
19 2.55768995 1.68479633 0.64261217
20 2.55140767 1.69079633 0.65197405
21 2.52215950 1.69679633 0.67829015
22 2.50566219 1.70279633 0.69464801
23 2.51004755 1.70879633 0.69580859
24 2.48227879 1.71479633 0.71966094
25 2.47353453 1.72079633 0.72981966
26 2.49188579 1.72679633 0.72132040
27 2.47670858 1.73279633 0.73582493
28 2.48661279 1.73879633 0.73317551
29 2.48574718 1.74479633 0.73782708
30 2.48913308 1.75079633 0.73958905
31 2.50642494 1.75679633 0.73194197
32 2.51705399 1.76279633 0.72878006
33 2.52026787 1.76879633 0.73068501
34 2.53039078 1.77479633 0.72786404
35 2.51046315 1.78079633 0.74539655
36 2.50493388 1.78679633 0.75303249
37 2.50469320 1.79279633 0.75712407
38 2.51063060 1.79879633 0.75716496
39 2.51944785 1.80479633 0.75532166
40 2.52342500 1.81079633 0.75664580
41 2.53273353 1.81679633 0.75447847
42 2.52937861 1.82279633 0.76058522
43 2.52101693 1.82879633 0.76983062
44 2.50283122 1.83479633 0.78504045
45 2.49483081 1.84079633 0.79363571
46 2.48342607 1.84679633 0.80410390
47 2.46965587 1.85279633 0.81569915
48 2.45017093 1.85879633 0.83017512
49 2.43596091 1.86479633 0.84127196
50 2.43493528 1.87079633 0.84504930
51 2.40684178 1.87679633 0.86278409
52 2.41795147 1.88279633 0.86018952
53 2.42072976 1.88879633 0.86182805
54 2.42059360 1.89479633 0.86492406
55 2.41896160 1.90079633 0.86872936
56 2.43566364 1.90679633 0.86337913
57 2.45599400 1.91279633 0.85606026
58 2.46933006 1.91879633 0.85224542
59 2.45283038 1.92479633 0.86379926
60 2.44838830 1.93079633 0.86901316
61 2.45670989 1.93679633 0.86786213
62 2.46405328 1.94279633 0.86719394
63 2.45687390 1.94879633 0.87368138
64 2.48334079 1.95479633 0.86354198
65 2.48828778 1.96079633 0.86407251
66 2.45171720 1.96679633 0.88471184
67 2.44655690 1.97279633 0.88985888
68 2.42894123 1.97879633 0.90038406
69 2.42252975 1.98479633 0.90571476
70 2.41862315 1.99079633 0.90986954
71 2.40092238 1.99679633 0.91944640
72 2.37980357 2.00279633 0.92977055
73 2.38629640 2.00879633 0.92958901
74 2.38506071 2.01479633 0.93223171
75 2.38930175 2.02079633 0.93286677
76 2.38796872 2.02679633 0.93548318
77 2.40031680 2.03279633 0.93322111
78 2.39530084 2.03879633 0.93712247
79 2.39164328 2.04479633 0.94044922
80 2.38244377 2.05079633 0.94550722
81 2.42338495 2.05679633 0.93355553
82 2.43692716 2.06279633 0.93082562
83 2.41839624 2.06879633 0.93950983
84 2.40330132 2.07479633 0.94652573
85 2.39158197 2.08079633 0.95209361
86 2.38986402 2.08679633 0.95442543
87 2.40514848 2.09279633 0.95161339
88 2.41184352 2.09879633 0.95139958
89 2.41751668 2.10479633 0.95150018
90 2.40452565 2.11079633 0.95717081
91 2.40001108 2.11679633 0.96016206
92 2.39567117 2.12279633 0.96300010
93 2.39016459 2.12879633 0.96603732
94 2.41038378 2.13479633 0.96226551
95 2.41121294 2.14079633 0.96365969
96 2.41285037 2.14679633 0.96481590
97 2.41438853 2.15279633 0.96597943
98 2.43633575 2.15879633 0.96173252
99 2.44552647 2.16479633 0.96085340
100 2.46095055 2.17079633 0.95819976
101 2.46331475 2.17679633 0.95923363
102 2.46288996 2.18279633 0.96102956
103 2.47917910 2.18879633 0.95813435
104 2.47475715 2.19479633 0.96106626
105 2.47239723 2.20079633 0.96334265
106 2.45323854 2.20679633 0.96978650
107 2.45468401 2.21279633 0.97088754
108 2.46958564 2.21879633 0.96871684
109 2.46117409 2.22479633 0.97219262
110 2.45485043 2.23079633 0.97500471
111 2.48481937 2.23679633 0.96939963
112 2.46810729 2.24279633 0.97472468
113 2.44499590 2.24879633 0.98081453
114 2.43835022 2.25479633 0.98320123
115 2.43153562 2.26079633 0.98545942
116 2.43018949 2.26679633 0.98668101
117 2.45534566 2.27279633 0.98338409
118 2.44497082 2.27879633 0.98622476
119 2.44958754 2.28479633 0.98645263
120 2.43754651 2.29079633 0.98925150
121 2.44394087 2.29679633 0.98919376
122 2.46187715 2.30279633 0.98737331
123 2.43751876 2.30879633 0.99172670
124 2.45182446 2.31479633 0.99062633
125 2.43710756 2.32079633 0.99324347
126 2.43707635 2.32679633 0.99392532
127 2.44714902 2.33279633 0.99346885
128 2.45072641 2.33879633 0.99374237
129 2.45189575 2.34479633 0.99427034
130 2.44757112 2.35079633 0.99532097
131 2.44901932 2.35679633 0.99575047
132 2.44670393 2.36279633 0.99648182
133 2.44966292 2.36879633 0.99673208
134 2.42740847 2.37479633 0.99861630
135 2.42190835 2.38079633 0.99915502
136 2.44222979 2.38679633 0.99846396
137 2.45364060 2.39279633 0.99814956
138 2.44709640 2.39879633 0.99883378
139 2.45766786 2.40479633 0.99860263
140 2.46027114 2.41079633 0.99877637
141 2.45823061 2.41679633 0.99914172
142 2.47808225 2.42279633 0.99847212
143 2.48049404 2.42879633 0.99866397
144 2.48639858 2.43479633 0.99866890
145 2.49241921 2.44079633 0.99866783
146 2.51251236 2.44679633 0.99784148
147 2.49436633 2.45279633 0.99913609
148 2.48311374 2.45879633 0.99970435
149 2.49792540 2.46479633 0.99945128
150 2.47701789 2.47079633 0.99998065
151 2.50019908 2.47679633 0.99972617
152 2.48633204 2.48279633 0.99999375
153 2.46388288 2.48879633 0.99968968
154 2.49844807 2.49479633 0.99999333
155 2.49604865 2.50079633 0.99998873
156 2.49919012 2.50679633 0.99997107
157 2.50029765 2.51279633 0.99992189
158 2.47412480 2.51879633 0.99900239
159 2.49188020 2.52479633 0.99945831
160 2.48247484 2.53079633 0.99883274
161 2.48431346 2.53679633 0.99862309
162 2.48873422 2.54279633 0.99853900
163 2.50335609 2.54879633 0.99896777
164 2.50281713 2.55479633 0.99864939
165 2.51334621 2.56079633 0.99887445
166 2.49423381 2.56679633 0.99736850
167 2.50942526 2.57279633 0.99799273
168 2.51672610 2.57879633 0.99807426
169 2.51289643 2.58479633 0.99741632
170 2.50811808 2.59079633 0.99658410
171 2.50706086 2.59679633 0.99597647
172 2.51072854 2.60279633 0.99576475
173 2.49909060 2.60879633 0.99398836
174 2.50393879 2.61479633 0.99386159
175 2.49469492 2.62079633 0.99205975
176 2.47228691 2.62679633 0.98808715
177 2.45407690 2.63279633 0.98407215
178 2.45705828 2.63879633 0.98353105
179 2.43149955 2.64479633 0.97733836
180 2.40995650 2.65079633 0.97113800
181 2.42505656 2.65679633 0.97326829
182 2.42032307 2.66279633 0.97074711
183 2.41539230 2.66879633 0.96806464
184 2.41009231 2.67479633 0.96516998
185 2.40323678 2.68079633 0.96172701
186 2.38028020 2.68679633 0.95339057
187 2.40072605 2.69279633 0.95764982
188 2.38696007 2.69879633 0.95177180
189 2.36805292 2.70479633 0.94383570
190 2.34951542 2.71079633 0.93544482
191 2.34096588 2.71679633 0.93020313
192 2.32633374 2.72279633 0.92243276
193 2.33040982 2.72879633 0.92168812
194 2.32885515 2.73479633 0.91873115
195 2.30898247 2.74079633 0.90820811
196 2.30163598 2.74679633 0.90254163
197 2.32165336 2.75279633 0.90848869
198 2.33059638 2.75879633 0.90971467
199 2.35080276 2.76479633 0.91552164
200 2.36165282 2.77079633 0.91746189
201 2.36347009 2.77679633 0.91578988
202 2.37951201 2.78279633 0.91977705
203 2.38267251 2.78879633 0.91865901
204 2.37003060 2.79479633 0.91113530
205 2.37927766 2.80079633 0.91246864
206 2.39073844 2.80679633 0.91468928
207 2.38064347 2.81279633 0.90806618
208 2.38877567 2.81879633 0.90895714
209 2.37601580 2.82479633 0.90097686
210 2.40109315 2.83079633 0.90908945
211 2.40722041 2.83679633 0.90914245
212 2.41315400 2.84279633 0.90911480
213 2.40670477 2.84879633 0.90385881
214 2.39975669 2.85479633 0.89824361
215 2.39497811 2.86079633 0.89345436
216 2.40008225 2.86679633 0.89305162
217 2.38931955 2.87279633 0.88538406
218 2.36477892 2.87879633 0.87077626
219 2.36818912 2.88479633 0.86949999
220 2.37522663 2.89079633 0.87001199
221 2.40023076 2.89679633 0.87922394
222 2.40130489 2.90279633 0.87686655
223 2.40048831 2.90879633 0.87356925
224 2.41538137 2.91479633 0.87786290
225 2.41476350 2.92079633 0.87467432
226 2.41572519 2.92679633 0.87222110
227 2.41897630 2.93279633 0.87087329
228 2.40658262 2.93879633 0.86168585
229 2.39818374 2.94479633 0.85429019
230 2.37357844 2.95079633 0.83798408
231 2.37394172 2.95679633 0.83489485
232 2.39002804 2.96279633 0.84040390
233 2.41025995 2.96879633 0.84803166
234 2.39407794 2.97479633 0.83606874
235 2.39867587 2.98079633 0.83529871
236 2.38054022 2.98679633 0.82178702
237 2.36951519 2.99279633 0.81196763
238 2.36509576 2.99879633 0.80584181
239 2.36400165 3.00479633 0.80162093
240 2.36662110 3.01079633 0.79959535
241 2.37220522 3.01679633 0.79934553
242 2.37498129 3.02279633 0.79740421
243 2.40511560 3.02879633 0.81173432
244 2.38292170 3.03479633 0.79494790
245 2.37954824 3.04079633 0.78922639
246 2.36773436 3.04679633 0.77816221
247 2.36021357 3.05279633 0.76959943
248 2.34371778 3.05879633 0.75504174
249 2.33633820 3.06479633 0.74620174
250 2.34175869 3.07079633 0.74581583
251 2.33469178 3.07679633 0.73704785
252 2.33963971 3.08279633 0.73633642
253 2.35312900 3.08879633 0.74138308
254 2.35609499 3.09479633 0.73934361
255 2.34795803 3.10079633 0.72975123
256 2.34264895 3.10679633 0.72197257
257 2.32787091 3.11279633 0.70744098
258 2.32826535 3.11879633 0.70346803
259 2.34206222 3.12479633 0.70898804
260 2.34496555 3.13079633 0.70680081
261 2.36326384 3.13679633 0.71544711
262 2.36593795 3.14279633 0.71311946
263 2.38220367 3.14879633 0.72027847
264 2.39866099 3.15479633 0.72749304
265 2.38349200 3.16079633 0.71280677
266 2.37923530 3.16679633 0.70557575
267 2.38330290 3.17279633 0.70420507
268 2.37996595 3.17879633 0.69754527
269 2.36784681 3.18479633 0.68444838
270 2.36178001 3.19079633 0.67560132
271 2.34863997 3.19679633 0.66136711
272 2.36878734 3.20279633 0.67191199
273 2.35365808 3.20879633 0.65611419
274 2.34932892 3.21479633 0.64828431
275 2.33005293 3.22079633 0.62883418
276 2.32577701 3.22679633 0.62081119
277 2.31124528 3.23279633 0.60458541
278 2.29611411 3.23879633 0.58761986
279 2.28812481 3.24479633 0.57624347
280 2.30245305 3.25079633 0.58302990
281 2.31406428 3.25679633 0.58757954
282 2.30621230 3.26279633 0.57631497
283 2.31726606 3.26879633 0.58043767
284 2.31459104 3.27479633 0.57335180
285 2.32700908 3.28079633 0.57859832
286 2.32839159 3.28679633 0.57482608
287 2.37529377 3.29279633 0.60780524
288 2.38872911 3.29879633 0.61369268
289 2.39041578 3.30479633 0.61028141
290 2.38757824 3.31079633 0.60325671
291 2.37363927 3.31679633 0.58723558
292 2.37580018 3.32279633 0.58412384
293 2.36816381 3.32879633 0.57300172
294 2.37798808 3.33479633 0.57613172
295 2.35145520 3.34079633 0.54924058
296 2.36494543 3.34679633 0.55548443
297 2.36882901 3.35279633 0.55372332
298 2.35554626 3.35879633 0.53756462
299 2.35498895 3.36479633 0.53202383
300 2.35667229 3.37079633 0.52836385
301 2.33143337 3.37679633 0.50158796
302 2.32973828 3.38279633 0.49491611
303 2.31582945 3.38879633 0.47751957
304 2.33210316 3.39479633 0.48652091
305 2.34707507 3.40079633 0.49433970
306 2.34468196 3.40679633 0.48702651
307 2.34409627 3.41279633 0.48126413
308 2.35241170 3.41879633 0.48329249
309 2.36503380 3.42479633 0.48907923
310 2.38790767 3.43079633 0.50372696
311 2.40258669 3.43679633 0.51120538
312 2.39816897 3.44279633 0.50222420
313 2.41727475 3.44879633 0.51351380
314 2.41583964 3.45479633 0.50711974
315 2.41990666 3.46079633 0.50545280
316 2.41628176 3.46679633 0.49712464
317 2.41429659 3.47279633 0.49018029
318 2.42070732 3.47879633 0.49053826
319 2.42438816 3.48479633 0.48851597
320 2.41559196 3.49079633 0.47555248
321 2.41021959 3.49679633 0.46551781
322 2.42303957 3.50279633 0.47154288
323 2.41873997 3.50879633 0.46243540
324 2.42086752 3.51479633 0.45899842
325 2.44693018 3.52079633 0.47672927
326 2.41881240 3.52679633 0.44646640
327 2.41508976 3.53279633 0.43774562
328 2.42365396 3.53879633 0.44004964
329 2.41908713 3.54479633 0.43053653
330 2.41816406 3.55079633 0.42427768
331 2.40860788 3.55679633 0.41014029
332 2.40847699 3.56279633 0.40454111
333 2.41266786 3.56879633 0.40288596
334 2.42167875 3.57479633 0.40563985
335 2.41915458 3.58079633 0.39783383
336 2.41812154 3.58679633 0.39137154
337 2.39687096 3.59279633 0.36615245
338 2.39515744 3.59879633 0.35896378
339 2.41157969 3.60479633 0.36867173
340 2.40177076 3.61079633 0.35393093
341 2.40622644 3.61679633 0.35248615
342 2.39689582 3.62279633 0.33809864
343 2.40106000 3.62879633 0.33637036
344 2.38286121 3.63479633 0.31348537
345 2.39163280 3.64079633 0.31611605
346 2.39299956 3.64679633 0.31171703
347 2.37956390 3.65279633 0.29319204
348 2.38996703 3.65879633 0.29739881
349 2.39792985 3.66479633 0.29927224
350 2.38668873 3.67079633 0.28277766
351 2.36044112 3.67679633 0.25170456
352 2.35286459 3.68279633 0.23854235
353 2.34260480 3.68879633 0.22272111
354 2.34872534 3.69479633 0.22283862
355 2.37148339 3.70079633 0.23914323
356 2.34678835 3.70679633 0.20923087
357 2.35778749 3.71279633 0.21411672
358 2.38134904 3.71879633 0.23123709
359 2.38974165 3.72479633 0.23356419
360 2.42708486 3.73079633 0.26392078
361 2.43563418 3.73679633 0.26637885
362 2.40536168 3.74279633 0.23124939
363 2.40816073 3.74879633 0.22813402
364 2.39056313 3.75479633 0.20509731
365 2.38079112 3.76079633 0.18963572
366 2.39809351 3.76679633 0.20072067
367 2.40255403 3.77279633 0.19921229
368 2.42601832 3.77879633 0.21629528
369 2.40814307 3.78479633 0.19292577
370 2.40318909 3.79079633 0.18216623
371 2.42302055 3.79679633 0.19574840
372 2.44619829 3.80279633 0.21256411
373 2.44456549 3.80879633 0.20509962
374 2.48297231 3.81479633 0.23670427
375 2.48849557 3.82079633 0.23624105
376 2.47726197 3.82679633 0.21946101
377 2.50579089 3.83279633 0.24138315
378 2.50468752 3.83879633 0.23448379
379 2.48749628 3.84479633 0.21187808
380 2.49877731 3.85079633 0.21703624
381 2.50309380 3.85679633 0.21539255
382 2.49516016 3.86279633 0.20176550
383 2.49386958 3.86879633 0.19461956
384 2.49067243 3.87479633 0.18559017
385 2.50084388 3.88079633 0.18968752
386 2.48689255 3.88679633 0.17006196
387 2.47525619 3.89279633 0.15265696
388 2.47036563 3.89879633 0.14188521
389 2.48620995 3.90479633 0.15162290
390 2.45771966 3.91079633 0.11744796
391 2.47322230 3.91679633 0.12687938
392 2.46843820 3.92279633 0.11617527
393 2.44050020 3.92879633 0.08240665
394 2.45089814 3.93479633 0.08678881
395 2.45282078 3.94079633 0.08272613
396 2.43088033 3.94679633 0.05485279
397 2.43404894 3.95279633 0.05202544
398 2.43716948 3.95879633 0.04914967
399 2.43618832 3.96479633 0.04217580
400 2.43315799 3.97079633 0.03315192
401 2.43227720 3.97679633 0.02627418
402 2.41846601 3.98279633 0.00646596
403 2.41368323 3.98879633 -0.00431676
404 2.43719054 3.99479633 0.01319015
405 2.44150885 4.00079633 0.01150860
406 2.44296758 4.00679633 0.00696752
407 2.46916693 4.01279633 0.02716358
408 2.45440790 4.01879633 0.00640786
409 2.42793404 4.02479633 -0.02606301
410 2.42844761 4.03079633 -0.03154715
411 2.41261893 4.03679633 -0.05335572
412 2.41567340 4.04279633 -0.05629682
413 2.40639453 4.04879633 -0.07154429
414 2.40303376 4.05479633 -0.08087780
415 2.40006877 4.06079633 -0.08981005
416 2.40565791 4.06679633 -0.09021925
417 2.40091003 4.07279633 -0.10091789
418 2.39559901 4.07879633 -0.11216446
419 2.40325378 4.08479633 -0.11051998
420 2.39420045 4.09079633 -0.12546801
421 2.38316897 4.09679633 -0.14234588
422 2.38414396 4.10279633 -0.14731790
423 2.39516747 4.10879633 -0.14234736
424 2.42269086 4.11479633 -0.12101183
425 2.43892238 4.12079633 -0.11084935
426 2.44699809 4.12679633 -0.10878619
427 2.46458340 4.13279633 -0.09726259
428 2.46097964 4.13879633 -0.10681618
429 2.45063467 4.14479633 -0.12305266
430 2.45261889 4.15079633 -0.12703691
431 2.46045600 4.15679633 -0.12521447
432 2.48208217 4.16279633 -0.10969663
433 2.47558606 4.16879633 -0.12210844
434 2.46683118 4.17479633 -0.13673908
435 2.48173852 4.18079633 -0.12791009
436 2.50536021 4.18679633 -0.11041421
437 2.52945286 4.19279633 -0.09241509
438 2.50896687 4.19879633 -0.11875224
439 2.50862406 4.20479633 -0.12504773
440 2.49747220 4.21079633 -0.14204573
441 2.50174664 4.21679633 -0.14375358
442 2.49434707 4.22279633 -0.15700068
443 2.48196222 4.22879633 -0.17512997
444 2.50106606 4.23479633 -0.16221398
445 2.48461527 4.24079633 -0.18432468
446 2.47703611 4.24679633 -0.19765377
447 2.49109850 4.25279633 -0.18974410
448 2.50475236 4.25879633 -0.18222379
449 2.49346903 4.26479633 -0.19918969
450 2.51069881 4.27079633 -0.18817262
451 2.51447583 4.27679633 -0.19035542
452 2.55494016 4.28279633 -0.15641492
453 2.53546689 4.28879633 -0.18152118
454 2.50501192 4.29479633 -0.21724198
455 2.51208473 4.30079633 -0.21619466
456 2.50112246 4.30679633 -0.23272389
457 2.50711491 4.31279633 -0.23273123
458 2.48757264 4.31879633 -0.25749352
459 2.49146422 4.32479633 -0.25953027
460 2.50046757 4.33079633 -0.25662867
461 2.51969896 4.33679633 -0.24381831
462 2.50048500 4.34279633 -0.26819124
463 2.51711299 4.34879633 -0.25793764
464 2.49889363 4.35479633 -0.28125953
465 2.50051127 4.36079633 -0.28546226
466 2.48849750 4.36679633 -0.30267924
467 2.46255672 4.37279633 -0.33296219
468 2.47113219 4.37879633 -0.33053257
469 2.46280629 4.38479633 -0.34401890
470 2.41639369 4.39079633 -0.39273743
471 2.39204321 4.39679633 -0.42046411
472 2.39320506 4.40279633 -0.42484888
473 2.42995958 4.40879633 -0.39681140
474 2.40541633 4.41479633 -0.42465761
475 2.38256018 4.42079633 -0.45060223
476 2.37865605 4.42679633 -0.45942165
477 2.36993866 4.43279633 -0.47244367
478 2.33416595 4.43879633 -0.50883767
479 2.34694718 4.44479633 -0.50298830
480 2.32914098 4.45079633 -0.52341937
481 2.31728665 4.45679633 -0.53854837
482 2.32289067 4.46279633 -0.53888198
483 2.30151369 4.46879633 -0.56173902
484 2.30197757 4.47479633 -0.56631050
485 2.28558747 4.48079633 -0.58462076
486 2.28051995 4.48679633 -0.59356392
487 2.26434443 4.49279633 -0.61126309
488 2.28739785 4.49879633 -0.59767831
489 2.31264948 4.50479633 -0.58213379
490 2.30360907 4.51079633 -0.59429674
491 2.33038839 4.51679633 -0.57745796
492 2.31265993 4.52279633 -0.59666598
493 2.30869622 4.52879633 -0.60463201
494 2.30991271 4.53479633 -0.60843517
495 2.30270590 4.54079633 -0.61886277
496 2.31419738 4.54679633 -0.61453991
497 2.33234377 4.55279633 -0.60491270
498 2.31294924 4.55879633 -0.62493694
499 2.33401096 4.56479633 -0.61310820
500 2.34466484 4.57079633 -0.60942501
501 2.32036399 4.57679633 -0.63316542
502 2.31734271 4.58279633 -0.64012218
503 2.31752369 4.58879633 -0.64458192
504 2.28588924 4.59479633 -0.67289157
505 2.28647175 4.60079633 -0.67688921
506 2.30063895 4.60679633 -0.67085495
507 2.32055326 4.61279633 -0.66047165
508 2.32902271 4.61879633 -0.65861544
509 2.31327353 4.62479633 -0.67482421
510 2.34060777 4.63079633 -0.65892763
511 2.32946992 4.63679633 -0.67172143
512 2.31872683 4.64279633 -0.68403005
513 2.29534209 4.64879633 -0.70516648
514 2.30051332 4.65479633 -0.70575387
515 2.29118076 4.66079633 -0.71653295
516 2.29225005 4.66679633 -0.71996366
517 2.31250574 4.67279633 -0.70999722
518 2.33566649 4.67879633 -0.69780859
519 2.33489962 4.68479633 -0.70263959
520 2.33989527 4.69079633 -0.70335387
521 2.33122359 4.69679633 -0.71370701
522 2.32285378 4.70279633 -0.72369823
523 2.31713948 4.70879633 -0.73173263
524 2.32183593 4.71479633 -0.73262049
525 2.29690283 4.72079633 -0.75332088
526 2.31201509 4.72679633 -0.74729698
527 2.32661752 4.73279633 -0.74155317
528 2.29698672 4.73879633 -0.76498193
529 2.31109912 4.74479633 -0.75973201
530 2.30504272 4.75079633 -0.76751612
531 2.29368069 4.75679633 -0.77852946
532 2.25892485 4.76279633 -0.80345458
533 2.23309548 4.76879633 -0.82199455
534 2.19556471 4.77479633 -0.84599860
535 2.18097085 4.78079633 -0.85679877
536 2.15469242 4.78679633 -0.87299398
537 2.17153450 4.79279633 -0.86765475
538 2.17941139 4.79879633 -0.86672010
539 2.13946521 4.80479633 -0.88871507
540 2.15789875 4.81079633 -0.88294624
541 2.15803759 4.81679633 -0.88568272
542 2.14692707 4.82279633 -0.89349695
543 2.17363656 4.82879633 -0.88400602
544 2.18047710 4.83479633 -0.88361277
545 2.18433445 4.84079633 -0.88461397
546 2.19087106 4.84679633 -0.88436361
547 2.18158098 4.85279633 -0.89139735
548 2.18639066 4.85879633 -0.89193620
549 2.19802055 4.86479633 -0.88937646
550 2.20682470 4.87079633 -0.88809097
551 2.20009900 4.87679633 -0.89386850
552 2.21078307 4.88279633 -0.89175869
553 2.24136851 4.88879633 -0.88036513
554 2.23278568 4.89479633 -0.88718787
555 2.25393159 4.90079633 -0.88009793
556 2.27448713 4.90679633 -0.87309408
557 2.29925862 4.91279633 -0.86378872
558 2.32054240 4.91879633 -0.85598735
559 2.32621923 4.92479633 -0.85615438
560 2.32785852 4.93079633 -0.85839950
561 2.34199489 4.93679633 -0.85419732
562 2.33835698 4.94279633 -0.85916879
563 2.37030813 4.94879633 -0.84560199
564 2.37682510 4.95479633 -0.84532591
565 2.37058451 4.96079633 -0.85180196
566 2.34890103 4.96679633 -0.86597611
567 2.36998812 4.97279633 -0.85833301
568 2.39108985 4.97879633 -0.85048684
569 2.37643355 4.98479633 -0.86116976
570 2.39650580 4.99079633 -0.85393156
571 2.41075755 4.99679633 -0.84960845
572 2.42439126 5.00279633 -0.84555761
573 2.43811454 5.00879633 -0.84140910
574 2.43030454 5.01479633 -0.84879153
575 2.42930570 5.02079633 -0.85247119
576 2.42162375 5.02679633 -0.85954375
577 2.45303048 5.03279633 -0.84628333
578 2.45355233 5.03879633 -0.84918900
579 2.47149755 5.04479633 -0.84282043
580 2.49049494 5.05079633 -0.83575431
581 2.48740644 5.05679633 -0.84071025
582 2.46655026 5.06279633 -0.85494756
583 2.49240594 5.06879633 -0.84448029
584 2.50369595 5.07479633 -0.84163522
585 2.50021353 5.08079633 -0.84671826
586 2.50017744 5.08679633 -0.84991426
587 2.47310005 5.09279633 -0.86687535
588 2.46377491 5.09879633 -0.87441322
589 2.44959688 5.10479633 -0.88402457
590 2.45574341 5.11079633 -0.88395606
591 2.46452506 5.11679633 -0.88265203
592 2.45672323 5.12279633 -0.88905499
593 2.46189153 5.12879633 -0.88943543
594 2.42718723 5.13479633 -0.90729791
595 2.43184249 5.14079633 -0.90786254
596 2.40720148 5.14679633 -0.92028118
597 2.40242094 5.15279633 -0.92444558
598 2.38694038 5.15879633 -0.93242252
599 2.41910093 5.16479633 -0.92265092
600 2.42070151 5.17079633 -0.92433856
601 2.44330963 5.17679633 -0.91787416
602 2.43491274 5.18279633 -0.92349256
603 2.45177264 5.18879633 -0.91927215
604 2.44219063 5.19479633 -0.92529373
605 2.46019025 5.20079633 -0.92067635
606 2.49816826 5.20679633 -0.90772591
607 2.49121159 5.21279633 -0.91308571
608 2.48463942 5.21879633 -0.91813994
609 2.48653109 5.22479633 -0.91976014
610 2.51622720 5.23079633 -0.91020253
611 2.53580236 5.23679633 -0.90449650
612 2.54088608 5.24279633 -0.90488689
613 2.53304846 5.24879633 -0.91069008
614 2.52119497 5.25479633 -0.91791966
615 2.51802756 5.26079633 -0.92151836
616 2.53339048 5.26679633 -0.91784207
617 2.52729767 5.27279633 -0.92257503
618 2.53739116 5.27879633 -0.92098797
619 2.54054967 5.28479633 -0.92209126
620 2.54888489 5.29079633 -0.92118509
621 2.55701946 5.29679633 -0.92035237
622 2.54653173 5.30279633 -0.92667518
623 2.54044842 5.30879633 -0.93114909
624 2.55079919 5.31479633 -0.92955382
625 2.53971647 5.32079633 -0.93571606
626 2.55505708 5.32679633 -0.93238035
627 2.52199042 5.33279633 -0.94578711
628 2.52154563 5.33879633 -0.94786064
629 2.52020087 5.34479633 -0.95017572
630 2.52184174 5.35079633 -0.95152549
631 2.51548181 5.35679633 -0.95525426
632 2.51840539 5.36279633 -0.95615970
633 2.54489368 5.36879633 -0.94995953
634 2.55852796 5.37479633 -0.94754713
635 2.53723567 5.38079633 -0.95591622
636 2.52039488 5.38679633 -0.96237326
637 2.53808774 5.39279633 -0.95913023
638 2.55818821 5.39879633 -0.95504507
639 2.56780921 5.40479633 -0.95396533
640 2.58142364 5.41079633 -0.95165400
641 2.57129473 5.41679633 -0.95648436
642 2.56006066 5.42279633 -0.96137069
643 2.58919093 5.42879633 -0.95474733
644 2.62356750 5.43479633 -0.94592438
645 2.64129085 5.44079633 -0.94205657
646 2.67289829 5.44679633 -0.93315853
647 2.67841987 5.45279633 -0.93333040
648 2.67571552 5.45879633 -0.93642003
649 2.67790346 5.46479633 -0.93775080
650 2.69082002 5.47079633 -0.93532620
651 2.67795150 5.47679633 -0.94183474
652 2.67928380 5.48279633 -0.94339318
653 2.66202367 5.48879633 -0.95085213
654 2.65740974 5.49479633 -0.95408506
655 2.67068670 5.50079633 -0.95188011
656 2.67651515 5.50679633 -0.95193267
657 2.67516099 5.51279633 -0.95415955
658 2.69435135 5.51879633 -0.95012880
659 2.68313955 5.52479633 -0.95535544
660 2.69778948 5.53079633 -0.95276403
661 2.69057188 5.53679633 -0.95669503
662 2.70015716 5.54279633 -0.95564523
663 2.71259703 5.54879633 -0.95372876
664 2.74971105 5.55479633 -0.94391366
665 2.73848207 5.56079633 -0.94946216
666 2.72138218 5.56679633 -0.95645884
667 2.73516924 5.57279633 -0.95415707
668 2.72552971 5.57879633 -0.95872121
669 2.73102900 5.58479633 -0.95886346
670 2.74497274 5.59079633 -0.95657826
671 2.72603172 5.59679633 -0.96354970
672 2.74709852 5.60279633 -0.95940968
673 2.71501614 5.60879633 -0.96945131
674 2.74334926 5.61479633 -0.96373205
675 2.74980110 5.62079633 -0.96361137
676 2.76251885 5.62679633 -0.96179394
677 2.76139349 5.63279633 -0.96372025
678 2.77517827 5.63879633 -0.96161320
679 2.79155825 5.64479633 -0.95871309
680 2.79787147 5.65079633 -0.95862397
681 2.80300912 5.65679633 -0.95886910
682 2.81729008 5.66279633 -0.95648572
683 2.81121324 5.66879633 -0.95993965
684 2.82531283 5.67479633 -0.95763863
685 2.85032959 5.68079633 -0.95198949
686 2.84772197 5.68679633 -0.95458925
687 2.83909968 5.69279633 -0.95884339
688 2.81426580 5.69879633 -0.96714108
689 2.82132993 5.70479633 -0.96686999
690 2.83323862 5.71079633 -0.96534481
691 2.84353361 5.71679633 -0.96421501
692 2.84354846 5.72279633 -0.96578452
693 2.85483829 5.72879633 -0.96439912
694 2.83172830 5.73479633 -0.97168762
695 2.82994323 5.74079633 -0.97349753
696 2.83279163 5.74679633 -0.97421345
697 2.81141870 5.75279633 -0.98002384
698 2.80583329 5.75879633 -0.98226212
699 2.79542137 5.76479633 -0.98520715
700 2.80163061 5.77079633 -0.98517127
701 2.82256677 5.77679633 -0.98249882
702 2.87328134 5.78279633 -0.97319063
703 2.88879813 5.78879633 -0.97095773
704 2.89029301 5.79479633 -0.97202573
705 2.89270040 5.80079633 -0.97286327
706 2.87457600 5.80679633 -0.97816157
707 2.87692418 5.81279633 -0.97891406
708 2.91923255 5.81879633 -0.97085371
709 2.90921515 5.82479633 -0.97456794
710 2.90825179 5.83079633 -0.97610474
711 2.89870671 5.83679633 -0.97936462
712 2.90938039 5.84279633 -0.97840937
713 2.86245875 5.84879633 -0.98797212
714 2.83860259 5.85479633 -0.99214785
715 2.84514864 5.86079633 -0.99207941
716 2.86690706 5.86679633 -0.98997686
717 2.88900155 5.87279633 -0.98757573
718 2.88666272 5.87879633 -0.98885177
719 2.90289768 5.88479633 -0.98727599
720 2.89820751 5.89079633 -0.98891945
721 2.91180206 5.89679633 -0.98776351
722 2.91707215 5.90279633 -0.98787708
723 2.92902639 5.90879633 -0.98693525
724 2.92597007 5.91479633 -0.98835389
725 2.92413265 5.92079633 -0.98951617
726 2.93260582 5.92679633 -0.98915596
727 2.93755421 5.93279633 -0.98930986
728 2.94528322 5.93879633 -0.98905624
729 2.92600693 5.94479633 -0.99246915
730 2.91950487 5.95079633 -0.99392299
731 2.91763316 5.95679633 -0.99475869
732 2.91909294 5.96279633 -0.99521267
733 2.90977561 5.96879633 -0.99659287
734 2.89758325 5.97479633 -0.99792835
735 2.91246448 5.98079633 -0.99731763
736 2.91047060 5.98679633 -0.99787087
737 2.90557317 5.99279633 -0.99852234
738 2.90272590 5.99879633 -0.99896404
739 2.88947471 6.00479633 -0.99965494
740 2.90020757 6.01079633 -0.99951942
741 2.92050376 6.01679633 -0.99897413
742 2.88352141 6.02279633 -0.99999731
743 2.87207283 6.02879633 -0.99988553
744 2.84914326 6.03479633 -0.99902950
745 2.84238670 6.04079633 -0.99838635
746 2.84255058 6.04679633 -0.99803794
747 2.82925291 6.05279633 -0.99664391
748 2.84094429 6.05879633 -0.99709366
749 2.87087358 6.06479633 -0.99863109
750 2.87905808 6.07079633 -0.99874297
751 2.86450212 6.07679633 -0.99750169
752 2.88970550 6.08279633 -0.99867426
753 2.90521989 6.08879633 -0.99911881
754 2.89684335 6.09479633 -0.99841218
755 2.89218690 6.10079633 -0.99775522
756 2.91274757 6.10679633 -0.99862449
757 2.93137227 6.11279633 -0.99920683
758 2.96192634 6.11879633 -0.99988330
759 2.96007293 6.12479633 -0.99973250
760 2.95311396 6.13079633 -0.99934884
761 2.96093841 6.13679633 -0.99941300
762 2.93596390 6.14279633 -0.99787264
763 2.91888971 6.14879633 -0.99610286
764 2.89185698 6.15479633 -0.99264652
765 2.89642558 6.16079633 -0.99247223
766 2.88330756 6.16679633 -0.98994963
767 2.87702996 6.17279633 -0.98813876
768 2.88270814 6.17879633 -0.98808928
769 2.88215988 6.18479633 -0.98706045
770 2.89484755 6.19079633 -0.98811073
771 2.86510883 6.19679633 -0.98198632
772 2.86679366 6.20279633 -0.98116182
773 2.87109122 6.20879633 -0.98083151
774 2.85751226 6.21479633 -0.97682865
775 2.85312084 6.22079633 -0.97455195
776 2.86028163 6.22679633 -0.97481150
777 2.86618902 6.23279633 -0.97479084
778 2.86986793 6.23879633 -0.97427033
779 2.88714602 6.24479633 -0.97675020
780 2.89016902 6.25079633 -0.97610766
781 2.89425218 6.25679633 -0.97568936
782 2.90346084 6.26279633 -0.97638754
783 2.91240904 6.26879633 -0.97702019
784 2.92802794 6.27479633 -0.97902520
785 2.90039419 6.28079633 -0.97162027
786 2.91549279 0.00361102 -0.97373227
787 2.89851706 0.00961102 -0.96824425
788 2.88928232 0.01561102 -0.96432325
789 2.90192376 0.02161102 -0.96606014
790 2.89541131 0.02761102 -0.96275243
791 2.90949644 0.03361102 -0.96490703
792 2.89770457 0.03961102 -0.96008256
793 2.92474739 0.04561102 -0.96575560
794 2.91695388 0.05161102 -0.96208507
795 2.92486116 0.05761102 -0.96260353
796 2.93959610 0.06361102 -0.96493319
797 2.95417237 0.06961102 -0.96714891
798 2.95641621 0.07561102 -0.96618724
799 2.95088600 0.08161102 -0.96315011
800 2.95447935 0.08761102 -0.96250002
801 2.96715650 0.09361102 -0.96428994
802 2.98137876 0.09961102 -0.96643497
803 2.98424807 0.10561102 -0.96562593
804 2.98586106 0.11161102 -0.96447630
805 2.96051647 0.11761102 -0.95572362
806 2.95606477 0.12361102 -0.95259590
807 2.96360003 0.12961102 -0.95306186
808 2.96703220 0.13561102 -0.95228125
809 2.96729218 0.14161102 -0.95051359
810 2.93985236 0.14761102 -0.93959495
811 2.96185698 0.15361102 -0.94495258
812 2.95140533 0.15961102 -0.93944184
813 2.94672029 0.16561102 -0.93572643
814 2.91607801 0.17161102 -0.92217651
815 2.90376883 0.17761102 -0.91494091
816 2.90235411 0.18361102 -0.91192329
817 2.89000144 0.18961102 -0.90423893
818 2.86802824 0.19561102 -0.89194142
819 2.88004497 0.20161102 -0.89464573
820 2.87776295 0.20761102 -0.89091488
821 2.86457209 0.21361102 -0.88203544
822 2.86381049 0.21961102 -0.87882935
823 2.87982835 0.22561102 -0.88356506
824 2.86256018 0.23161102 -0.87243019
825 2.83639598 0.23761102 -0.85626177
826 2.83766535 0.24361102 -0.85380862
827 2.81766662 0.24961102 -0.83998701
828 2.81772377 0.25561102 -0.83674756
829 2.84072049 0.26161102 -0.84593347
830 2.84712320 0.26761102 -0.84614816
831 2.82677270 0.27361102 -0.83181260
832 2.81183091 0.27961102 -0.82000718
833 2.78379419 0.28561102 -0.80005497
834 2.76285163 0.29161102 -0.78360300
835 2.73978813 0.29761102 -0.76521857
836 2.73536842 0.30361102 -0.75846925
837 2.75099642 0.30961102 -0.76470866
838 2.75097921 0.31561102 -0.76081749
839 2.76168416 0.32161102 -0.76386241
840 2.77603446 0.32761102 -0.76922483
841 2.77769245 0.33361102 -0.76644313
842 2.77686626 0.33961102 -0.76204076
843 2.78286365 0.34561102 -0.76203907
844 2.79518635 0.35161102 -0.76611796
845 2.80758192 0.35761102 -0.77021270
846 2.82192283 0.36361102 -0.77550556
847 2.80450511 0.36961102 -0.76050973
848 2.81855618 0.37561102 -0.76571280
849 2.80630563 0.38161102 -0.75384749
850 2.83138942 0.38761102 -0.76624845
851 2.82245702 0.39361102 -0.75656866
852 2.83414174 0.39961102 -0.76027373
853 2.83538217 0.40561102 -0.75717330
854 2.82586847 0.41161102 -0.74694883
855 2.83145092 0.41761102 -0.74667114
856 2.81965129 0.42361102 -0.73471329
857 2.81370651 0.42961102 -0.72655800
858 2.76270323 0.43561102 -0.68623185
859 2.75639719 0.44161102 -0.67722891
860 2.74652198 0.44761102 -0.66546352
861 2.74130091 0.45361102 -0.65704606
862 2.73736666 0.45961102 -0.64952482
863 2.74953693 0.46561102 -0.65420393
864 2.74421518 0.47161102 -0.64559934
865 2.74787736 0.47761102 -0.64381224
866 2.72984859 0.48361102 -0.62524174
867 2.71744705 0.48961102 -0.61077556
868 2.69888408 0.49561102 -0.59114422
869 2.69908904 0.50161102 -0.58646023
870 2.69852864 0.50761102 -0.58113388
871 2.69593165 0.51361102 -0.57411619
872 2.68922141 0.51961102 -0.56366328
873 2.68586352 0.52561102 -0.55590905
874 2.66673565 0.53161102 -0.53484839
875 2.67033815 0.53761102 -0.53282109
876 2.68177556 0.54361102 -0.53741448
877 2.71337671 0.54961102 -0.55882593
878 2.72003647 0.55561102 -0.55937294
879 2.71254200 0.56161102 -0.54813657
880 2.71677198 0.56761102 -0.54665528
881 2.71805265 0.57361102 -0.54269744
882 2.71660397 0.57961102 -0.53642609
883 2.71717866 0.58561102 -0.53183954
884 2.72946671 0.59161102 -0.53715399
885 2.74054050 0.59761102 -0.54142673
886 2.74137532 0.60361102 -0.53707690
887 2.76002362 0.60961102 -0.54770292
888 2.74733224 0.61561102 -0.53196959
889 2.74846214 0.62161102 -0.52783948
890 2.75742655 0.62761102 -0.53035496
891 2.76058637 0.63361102 -0.52794499
892 2.75695039 0.63961102 -0.51973697
893 2.74924489 0.64561102 -0.50797956
894 2.77413424 0.65161102 -0.52415867
895 2.78899307 0.65761102 -0.53168237
896 2.80634073 0.66361102 -0.54125875
897 2.79871699 0.66961102 -0.52975328
898 2.81595284 0.67561102 -0.53924934
899 2.78406598 0.68161102 -0.50696372
900 2.79121163 0.68761102 -0.50795091
901 2.79812937 0.69361102 -0.50874122
902 2.80400435 0.69961102 -0.50863358
903 2.81956891 0.70561102 -0.51684512
904 2.81889331 0.71161102 -0.51111881
905 2.84246225 0.71761102 -0.52613983
906 2.85118957 0.72361102 -0.52845718
907 2.84761831 0.72961102 -0.52030747
908 2.83048577 0.73561102 -0.50041533
909 2.82486903 0.74161102 -0.49032419
910 2.84367192 0.74761102 -0.50144193
911 2.85118156 0.75361102 -0.50274748
912 2.83985029 0.75961102 -0.48769100
913 2.84809367 0.76561102 -0.48964828
914 2.83530339 0.77161102 -0.47317918
915 2.84713902 0.77761102 -0.47831209
916 2.85956468 0.78361102 -0.48394513
917 2.84106256 0.78961102 -0.46236024
918 2.84363570 0.79561102 -0.45931897
919 2.85493113 0.80161102 -0.46401628
920 2.83391513 0.80761102 -0.43991838
921 2.83048744 0.81361102 -0.43143254
922 2.81873585 0.81961102 -0.41535089
923 2.81540493 0.82561102 -0.40684495
924 2.80086945 0.83161102 -0.38800139
925 2.79530410 0.83761102 -0.37731637
926 2.79736408 0.84361102 -0.37366466
927 2.78101458 0.84961102 -0.35284248
928 2.77720528 0.85561102 -0.34364726
929 2.76426577 0.86161102 -0.32580062
930 2.76568795 0.86761102 -0.32146917
931 2.78878354 0.87361102 -0.33760956
932 2.79398757 0.87961102 -0.33686022
933 2.77664036 0.88561102 -0.31478773
934 2.77296134 0.89161102 -0.30558618
935 2.79231659 0.89761102 -0.31827494
936 2.77416960 0.90361102 -0.29529307
937 2.78443758 0.90961102 -0.29936802
938 2.80912332 0.91561102 -0.31714349
939 2.76913995 0.92161102 -0.27321403
940 2.75919102 0.92761102 -0.25783781
941 2.75044023 0.93361102 -0.24355823
942 2.75145676 0.93961102 -0.23872183
943 2.74044341 0.94561102 -0.22216662
944 2.74152651 0.95161102 -0.21736993
945 2.72939350 0.95761102 -0.19963573
946 2.74576744 0.96361102 -0.20978992
947 2.77841279 0.96961102 -0.23576476
948 2.77686404 0.97561102 -0.22842217
949 2.78170327 0.98161102 -0.22729193
950 2.77425529 0.98761102 -0.21417578
951 2.78041710 0.99361102 -0.21433383
952 2.77123932 0.99961102 -0.19948465
953 2.76430917 1.00561102 -0.18679806
954 2.76350888 1.01161102 -0.18011320
955 2.77107026 1.01761102 -0.18164883
956 2.76318051 1.02361102 -0.16797307
957 2.73492633 1.02961102 -0.13411365
958 2.74572224 1.03561102 -0.13886468
959 2.73505331 1.04161102 -0.12233873
960 2.73525769 1.04761102 -0.11658461
961 2.72933303 1.05361102 -0.10473326
962 2.72409958 1.05961102 -0.09355522
963 2.72686743 1.06561102 -0.09033676
964 2.70443870 1.07161102 -0.06199158
965 2.72052447 1.07761102 -0.07205463
966 2.72925207 1.08361102 -0.07477487
967 2.75808684 1.08961102 -0.09752424
968 2.75748648 1.09561102 -0.09095326
969 2.72888532 1.10161102 -0.05644795
970 2.72672252 1.10761102 -0.04829638
971 2.74412743 1.11361102 -0.05968459
972 2.73931667 1.11961102 -0.04888983
973 2.75924343 1.12561102 -0.06279474
974 2.76532000 1.13161102 -0.06287116
975 2.79250030 1.13761102 -0.08399388
976 2.78399863 1.14361102 -0.06953513
977 2.77505548 1.14961102 -0.05462094
978 2.79796902 1.15561102 -0.07150061
979 2.76990577 1.16161102 -0.03748964
980 2.77584862 1.16761102 -0.03743253
981 2.78733393 1.17361102 -0.04291340
982 2.77290354 1.17961102 -0.02249430
983 2.76671104 1.18561102 -0.01030351
984 2.77699248 1.19161102 -0.01458461
985 2.76559422 1.19761102 0.00281312
986 2.76080624 1.20361102 0.01360069
987 2.76133360 1.20961102 0.01907259
988 2.78145701 1.21561102 0.00495032
989 2.79853492 1.22161102 -0.00612753
990 2.78168206 1.22761102 0.01672451
991 2.76488243 1.23361102 0.03951463
992 2.75306539 1.23961102 0.05731054
993 2.78389375 1.24561102 0.03250787
994 2.78794615 1.25161102 0.03445437
995 2.77211203 1.25761102 0.05626559
996 2.76404244 1.26361102 0.07030686
997 2.77563202 1.26961102 0.06473004
998 2.76856995 1.27561102 0.07775882
999 2.77594438 1.28161102 0.07638848
1000 2.75637802 1.28761102 0.10185240
1001 2.74101096 1.29361102 0.12308347
1002 2.75669669 1.29961102 0.11346576
1003 2.76912942 1.30561102 0.10707227
1004 2.76422093 1.31161102 0.11791147
1005 2.77089414 1.31761102 0.11724293
1006 2.77531703 1.32361102 0.11880902
1007 2.77796144 1.32961102 0.12214016
1008 2.75236199 1.33561102 0.15343683
1009 2.74619880 1.34161102 0.16544434
1010 2.75460438 1.34761102 0.16307144
1011 2.72545418 1.35361102 0.19764326
1012 2.75444963 1.35961102 0.17505114
1013 2.74275508 1.36561102 0.19244417
1014 2.75251265 1.37161102 0.18875549
1015 2.75811917 1.37761102 0.18914188
1016 2.76808736 1.38361102 0.18524384
1017 2.76191395 1.38961102 0.19719253
1018 2.73556971 1.39561102 0.22879302
1019 2.72828166 1.40161102 0.24170802
1020 2.73442607 1.40761102 0.24156790
1021 2.71778069 1.41361102 0.26347879
1022 2.71011647 1.41961102 0.27663519
1023 2.68937107 1.42561102 0.30223485
1024 2.69131865 1.43161102 0.30609526
1025 2.68629406 1.43761102 0.31657186
1026 2.70233904 1.44361102 0.30702770
1027 2.70500028 1.44961102 0.31020348
1028 2.69343374 1.45561102 0.32685475
1029 2.70182082 1.46161102 0.32459785
1030 2.69562094 1.46761102 0.33611269
1031 2.70050209 1.47361102 0.33716624
1032 2.74311771 1.47961102 0.30247635
1033 2.74260261 1.48561102 0.30867979
1034 2.77195575 1.49161102 0.28638494
1035 2.78967838 1.49761102 0.27513389
1036 2.78115631 1.50361102 0.28906600
1037 2.78785249 1.50961102 0.28839947
1038 2.77278646 1.51561102 0.30850492
1039 2.77002113 1.52161102 0.31683075
1040 2.77359532 1.52761102 0.31913065
1041 2.77825712 1.53361102 0.32039859
1042 2.80488114 1.53961102 0.30079505
1043 2.80040728 1.54561102 0.31076717
1044 2.79242399 1.55161102 0.32402728
1045 2.82975722 1.55761102 0.29423036
1046 2.83337744 1.56361102 0.29650396
1047 2.81311314 1.56961102 0.32148205
1048 2.82261336 1.57561102 0.31816568
1049 2.82853491 1.58161102 0.31824005
1050 2.82211715 1.58761102 0.32998737
1051 2.83246225 1.59361102 0.32588255
1052 2.82829952 1.59961102 0.33547351
1053 2.83186065 1.60561102 0.33777005
1054 2.82216711 1.61161102 0.35249906
1055 2.83060744 1.61761102 0.35021432
1056 2.82982567 1.62361102 0.35655850
1057 2.82838816 1.62961102 0.36349724
1058 2.83138219 1.63561102 0.36629593
1059 2.84346802 1.64161102 0.36062634
1060 2.86963198 1.64761102 0.34174716
1061 2.86526433 1.65361102 0.35147206
1062 2.86422757 1.65961102 0.35805111
1063 2.83791007 1.66561102 0.38803381
1064 2.83764735 1.67161102 0.39379816
1065 2.82483570 1.67761102 0.41101908
1066 2.81997867 1.68361102 0.42089221
1067 2.80959807 1.68961102 0.43569410
1068 2.77125360 1.69561102 0.47516694
1069 2.77228440 1.70161102 0.47953343
1070 2.77121874 1.70761102 0.48572169
1071 2.77827226 1.71361102 0.48480053
1072 2.78127247 1.71961102 0.48742204
1073 2.78597900 1.72561102 0.48855104
1074 2.79895648 1.73161102 0.48245109
1075 2.80453904 1.73761102 0.48281670
1076 2.81689623 1.74361102 0.47723986
1077 2.82121257 1.74961102 0.47871873
1078 2.82098021 1.75561102 0.48418122
1079 2.83457991 1.76161102 0.47751781
1080 2.84715653 1.76761102 0.47172915
1081 2.88575447 1.77361102 0.44274061
1082 2.90357674 1.77961102 0.43210948
1083 2.88992158 1.78561102 0.44975031
1084 2.88878714 1.79161102 0.45611097
1085 2.89072942 1.79761102 0.45971826
1086 2.88936581 1.80361102 0.46624511
1087 2.87711275 1.80961102 0.48231421
1088 2.84636593 1.81561102 0.51417152
1089 2.83031333 1.82161102 0.53295920
1090 2.86953123 1.82761102 0.50456332
1091 2.87816687 1.83361102 0.50228603
1092 2.88669460 1.83961102 0.50009870
1093 2.87952175 1.84561102 0.51146225
1094 2.91051999 1.85161102 0.48982355
1095 2.89370968 1.85761102 0.50958093
1096 2.89218556 1.86361102 0.51604037
1097 2.92176198 1.86961102 0.49570410
1098 2.90763923 1.87561102 0.51307900
1099 2.90600513 1.88161102 0.51961665
1100 2.90012647 1.88761102 0.52972888
1101 2.90941630 1.89361102 0.52693569
1102 2.90662435 1.89961102 0.53438755
1103 2.90726431 1.90561102 0.53891037
1104 2.93593760 1.91161102 0.51967435
1105 2.91062665 1.91761102 0.54616622
1106 2.92065265 1.92361102 0.54278932
1107 2.93520646 1.92961102 0.53558547
1108 2.96645540 1.93561102 0.51409478
1109 2.92986389 1.94161102 0.55014967
1110 2.93686515 1.94761102 0.54931328
1111 2.92075635 1.95361102 0.56765200
1112 2.92710769 1.95961102 0.56736272
1113 2.93169380 1.96561102 0.56852644
1114 2.91290306 1.97161102 0.58874413
1115 2.93761013 1.97761102 0.57352072
1116 2.91974414 1.98361102 0.59290634
1117 2.93446339 1.98961102 0.58586253
1118 2.96057003 1.99561102 0.56945057
1119 2.93566320 2.00161102 0.59458078
1120 2.95090427 2.00761102 0.58712534
1121 2.95616337 2.01361102 0.58772494
1122 2.97526587 2.01961102 0.57707407
1123 2.96950583 2.02561102 0.58663827
1124 2.97886400 2.03161102 0.58391536
1125 2.98953383 2.03761102 0.58011797
1126 2.99526186 2.04361102 0.58033948
1127 2.97994244 2.04961102 0.59756828
1128 2.95261015 2.05561102 0.62395783
1129 2.91972756 2.06161102 0.65386368
1130 2.91625874 2.06761102 0.66099848
1131 2.92873724 2.07361102 0.65612326
1132 2.93138996 2.07961102 0.65864562
1133 2.92271604 2.08561102 0.66961575
1134 2.90766455 2.09161102 0.68510133
1135 2.90469287 2.09761102 0.69160908
1136 2.90762311 2.10361102 0.69382301
1137 2.92292509 2.10961102 0.68709432
1138 2.91528318 2.11561102 0.69694185
1139 2.91947800 2.12161102 0.69823526
1140 2.95278528 2.12761102 0.67842895
1141 2.94914424 2.13361102 0.68548026
1142 2.97213728 2.13961102 0.67300940
1143 2.97499122 2.14561102 0.67533300
1144 2.95703561 2.15161102 0.69280512
1145 2.96336560 2.15761102 0.69256711
1146 2.99607554 2.16361102 0.67305507
1147 2.99572490 2.16961102 0.67773835
1148 3.01005363 2.17561102 0.67159077
1149 3.00639703 2.18161102 0.67871413
1150 2.99092705 2.18761102 0.69432411
1151 3.00446989 2.19361102 0.68887611
1152 3.04742939 2.19961102 0.66162059
1153 3.06115495 2.20561102 0.65580798
1154 3.06539213 2.21161102 0.65713776
1155 3.06429515 2.21761102 0.66247066
1156 3.06436623 2.22361102 0.66690027
1157 3.04425628 2.22961102 0.68612650
1158 3.03578910 2.23561102 0.69657895
1159 3.03206912 2.24161102 0.70351983
1160 3.03424142 2.24761102 0.70623492
1161 3.03088932 2.25361102 0.71282502
1162 3.01564052 2.25961102 0.72756565
1163 3.02243174 2.26561102 0.72702261
1164 3.02832706 2.27161102 0.72709449
1165 3.02379998 2.27761102 0.73428130
1166 3.05475143 2.28361102 0.71711632
1167 3.04612416 2.28961102 0.72723377
1168 3.05338240 2.29561102 0.72636955
1169 3.04332345 2.30161102 0.73731281
1170 3.05464529 2.30761102 0.73370720
1171 3.05576077 2.31361102 0.73701730
1172 3.02363844 2.31961102 0.76224146
1173 3.03253572 2.32561102 0.76036287
1174 3.03943510 2.33161102 0.75977842
1175 3.03463613 2.33761102 0.76675527
1176 3.04334884 2.34361102 0.76501106
1177 3.07068390 2.34961102 0.75109785
1178 3.07836961 2.35561102 0.74998390
1179 3.09091414 2.36161102 0.74563895
1180 3.09793552 2.36761102 0.74495796
1181 3.11569969 2.37361102 0.73705858
1182 3.12922961 2.37961102 0.73194880
1183 3.12227206 2.38561102 0.74071586
1184 3.12506632 2.39161102 0.74286572
1185 3.14329140 2.39761102 0.73462645
1186 3.15443629 2.40361102 0.73112608
1187 3.13676808 2.40961102 0.74706726
1188 3.12132078 2.41561102 0.76115141
1189 3.13002860 2.42161102 0.75939240
1190 3.13062331 2.42761102 0.76289815
1191 3.14169706 2.43361102 0.75960807
1192 3.14079788 2.43961102 0.76407705
1193 3.12946316 2.44561102 0.77514475
1194 3.09621441 2.45161102 0.79933814
1195 3.11743060 2.45761102 0.79010284
1196 3.10246217 2.46361102 0.80278132
1197 3.08083242 2.46961102 0.81894770
1198 3.08183825 2.47561102 0.82180348
1199 3.07473495 2.48161102 0.82919860
1200 3.08177903 2.48761102 0.82861455
1201 3.05254005 2.49361102 0.84782351
1202 3.05238604 2.49961102 0.85107077
1203 3.05724269 2.50561102 0.85167053
1204 3.04519706 2.51161102 0.86098867
1205 3.02550345 2.51761102 0.87377144
1206 3.03551865 2.52361102 0.87181166
1207 3.03550601 2.52961102 0.87474112
1208 3.03954877 2.53561102 0.87568791
1209 3.02887786 2.54161102 0.88361586
1210 3.01473773 2.54761102 0.89286588
1211 3.02671065 2.55361102 0.89016023
1212 3.03217453 2.55961102 0.89040438
1213 3.04109144 2.56561102 0.88907290
1214 3.04000610 2.57161102 0.89229399
1215 3.04132072 2.57761102 0.89439942
1216 3.04264096 2.58361102 0.89648273
1217 3.03195665 2.58961102 0.90375008
1218 3.03386842 2.59561102 0.90549253
1219 3.04684927 2.60161102 0.90250808
1220 3.04865464 2.60761102 0.90430665
1221 3.06119848 2.61361102 0.90149385
1222 3.07114640 2.61961102 0.89977820
1223 3.06831764 2.62561102 0.90359549
1224 3.07897679 2.63161102 0.90158977
1225 3.05657888 2.63761102 0.91350932
1226 3.07258788 2.64361102 0.90939179
1227 3.08265591 2.64961102 0.90769221
1228 3.06761766 2.65561102 0.91631911
1229 3.05339119 2.66161102 0.92423079
1230 3.04501214 2.66761102 0.92962547
1231 3.04228769 2.67361102 0.93280507
1232 3.01797095 2.67961102 0.94330034
1233 3.03674966 2.68561102 0.93898167
1234 3.04205782 2.69161102 0.93921941
1235 3.07189899 2.69761102 0.93076818
1236 3.05528293 2.70361102 0.93879810
1237 3.05200421 2.70961102 0.94195387
1238 3.03891570 2.71561102 0.94819070
1239 3.03545593 2.72161102 0.95115361
1240 3.03972180 2.72761102 0.95168754
1241 3.06001296 2.73361102 0.94720214
1242 3.06310148 2.73961102 0.94813166
1243 3.06990751 2.74561102 0.94787513
1244 3.09568962 2.75161102 0.94138667
1245 3.12758763 2.75761102 0.93233580
1246 3.14250942 2.76361102 0.92907268
1247 3.14570146 2.76961102 0.93010767
1248 3.12772618 2.77561102 0.93864533
1249 3.13456499 2.78161102 0.93835571
1250 3.14782928 2.78761102 0.93581991
1251 3.14815915 2.79361102 0.93780346
1252 3.11255696 2.79961102 0.95143075
1253 3.11603012 2.80561102 0.95220564
1254 3.08703625 2.81161102 0.96230964
1255 3.09651574 2.81761102 0.96135755
1256 3.08754896 2.82361102 0.96537012
1257 3.10091944 2.82961102 0.96342107
1258 3.08829381 2.83561102 0.96824520
1259 3.08561236 2.84161102 0.97037907
1260 3.10789523 2.84761102 0.96631687
1261 3.09407675 2.85361102 0.97122716
1262 3.11805086 2.85961102 0.96678989
1263 3.12786882 2.86561102 0.96580708
1264 3.12221904 2.87161102 0.96876182
1265 3.13707948 2.87761102 0.96652649
1266 3.14515619 2.88361102 0.96599159
1267 3.14314433 2.88961102 0.96803222
1268 3.14862947 2.89561102 0.96816123
1269 3.15025375 2.90161102 0.96924732
1270 3.15863187 2.90761102 0.96865935
1271 3.15607271 2.91361102 0.97074988
1272 3.13387872 2.91961102 0.97713237
1273 3.15770274 2.92561102 0.97318740
1274 3.21179985 2.93161102 0.96100324
1275 3.21073848 2.93761102 0.96293199
1276 3.22334485 2.94361102 0.96112896
1277 3.21828736 2.94961102 0.96412311
1278 3.19600099 2.95561102 0.97124520
1279 3.21240816 2.96161102 0.96871490
1280 3.21587667 2.96761102 0.96934005
1281 3.20760291 2.97361102 0.97274858
1282 3.20438171 2.97961102 0.97484524
1283 3.18250973 2.98561102 0.98067799
1284 3.20222552 2.99161102 0.97790263
1285 3.18218376 2.99761102 0.98301475
1286 3.19852088 3.00361102 0.98106513
1287 3.19659245 3.00961102 0.98256984
1288 3.20592442 3.01561102 0.98194500
1289 3.20576348 3.02161102 0.98309180
1290 3.20723632 3.02761102 0.98391071
1291 3.22824516 3.03361102 0.98111850
1292 3.22872949 3.03961102 0.98217034
1293 3.23491739 3.04561102 0.98213500
1294 3.23195510 3.05161102 0.98378203
1295 3.23501402 3.05761102 0.98430531
1296 3.22668484 3.06361102 0.98673291
1297 3.23609464 3.06961102 0.98617358
1298 3.21182018 3.07561102 0.99073787
1299 3.23718336 3.08161102 0.98792301
1300 3.24637483 3.08761102 0.98742348
1301 3.24769865 3.09361102 0.98815197
1302 3.22752807 3.09961102 0.99182976
1303 3.23933658 3.10561102 0.99107205
1304 3.24265062 3.11161102 0.99142659
1305 3.24302019 3.11761102 0.99214657
1306 3.23507699 3.12361102 0.99379410
1307 3.25782234 3.12961102 0.99179218
1308 3.24617962 3.13561102 0.99389352
1309 3.24420648 3.14161102 0.99474170
1310 3.25157902 3.14761102 0.99460019
1311 3.26444778 3.15361102 0.99386389
1312 3.25226520 3.15961102 0.99571067
1313 3.25948980 3.16561102 0.99559662
1314 3.24359062 3.17161102 0.99741059
1315 3.23471623 3.17761102 0.99836994
1316 3.21830797 3.18361102 0.99939812
1317 3.21266134 3.18961102 0.99973435
1318 3.23755276 3.19561102 0.99912057
1319 3.24849624 3.20161102 0.99890109
1320 3.24031837 3.20761102 0.99946516
1321 3.24432420 3.21361102 0.99952839
1322 3.24729521 3.21961102 0.99961682
1323 3.26276122 3.22561102 0.99931001
1324 3.26116764 3.23161102 0.99956323
1325 3.26474599 3.23761102 0.99963187
1326 3.26026778 3.24361102 0.99986128
1327 3.27815675 3.24961102 0.99959260
1328 3.27754335 3.25561102 0.99975950
1329 3.29286480 3.26161102 0.99951164
1330 3.27812199 3.26761102 0.99994476
1331 3.24645391 3.27361102 0.99963127
1332 3.27012869 3.27961102 0.99995504
1333 3.25311196 3.28561102 0.99947195
1334 3.23824164 3.29161102 0.99857619
1335 3.23049729 3.29761102 0.99774872
1336 3.20064941 3.30361102 0.99470413
1337 3.20176758 3.30961102 0.99419053
1338 3.15989515 3.31561102 0.98790076
1339 3.15791447 3.32161102 0.98663161
1340 3.17180965 3.32761102 0.98788750
1341 3.16888343 3.33361102 0.98646306
1342 3.17781913 3.33961102 0.98694022
1343 3.18895199 3.34561102 0.98775405
1344 3.19172301 3.35161102 0.98724512
1345 3.20455493 3.35761102 0.98830976
1346 3.17168133 3.36361102 0.98163797
1347 3.16710386 3.36961102 0.97956540
1348 3.18314408 3.37561102 0.98153534
1349 3.18508606 3.38161102 0.98075104
1350 3.17084708 3.38761102 0.97659854
1351 3.17979174 3.39361102 0.97722762
1352 3.18422031 3.39961102 0.97689296
1353 3.19456834 3.40561102 0.97781303
1354 3.20121003 3.41161102 0.97794725
1355 3.19987190 3.41761102 0.97638835
1356 3.20439189 3.42361102 0.97606756
1357 3.18257236 3.42961102 0.96964082
1358 3.19990425 3.43561102 0.97234953
1359 3.21500462 3.44161102 0.97443445
1360 3.21833542 3.44761102 0.97383129
1361 3.22586913 3.45361102 0.97417871
1362 3.22737671 3.45961102 0.97315459
1363 3.21229891 3.46561102 0.96808768
1364 3.21071499 3.47161102 0.96615924
1365 3.22668759 3.47761102 0.96868355
1366 3.22814087 3.48361102 0.96754460
1367 3.24618089 3.48961102 0.97051691
1368 3.26181071 3.49561102 0.97279298
1369 3.24997464 3.50161102 0.96850628
1370 3.27263725 3.50761102 0.97252045
1371 3.30732106 3.51361102 0.97879758
1372 3.27128932 3.51961102 0.96932627
1373 3.25538619 3.52561102 0.96371090
1374 3.27963792 3.53161102 0.96842238
1375 3.27720135 3.53761102 0.96628458
1376 3.27231563 3.54361102 0.96342457
1377 3.24339486 3.54961102 0.95348104
1378 3.23936601 3.55561102 0.95040992
1379 3.25563080 3.56161102 0.95355214
1380 3.28101216 3.56761102 0.95921090
1381 3.29652096 3.57361102 0.96185555
1382 3.28276255 3.57961102 0.95626309
1383 3.26493445 3.58561102 0.94902238
1384 3.25396251 3.59161102 0.94353625
1385 3.27107458 3.59761102 0.94715901
1386 3.25183069 3.60361102 0.93876075
1387 3.24977738 3.60961102 0.93595541
1388 3.25399606 3.61561102 0.93532669
1389 3.23599574 3.62161102 0.92656718
1390 3.23905005 3.62761102 0.92545520
1391 3.22452254 3.63361102 0.91748378
1392 3.24019441 3.63961102 0.92128802
1393 3.22432619 3.64561102 0.91256429
1394 3.22531455 3.65161102 0.91050340
1395 3.23808006 3.65761102 0.91328010
1396 3.25737464 3.66361102 0.91861454
1397 3.26694880 3.66961102 0.92002102
1398 3.21253193 3.67561102 0.89468130
1399 3.21107291 3.68161102 0.89132445
1400 3.19006751 3.68761102 0.87875762
1401 3.18140664 3.69361102 0.87166626
1402 3.19085155 3.69961102 0.87334944
1403 3.18112630 3.70561102 0.86558209
1404 3.18304309 3.71161102 0.86353014
1405 3.22945548 3.71761102 0.88319941
1406 3.23215164 3.72361102 0.88164510
1407 3.24042114 3.72961102 0.88271383
1408 3.25941412 3.73561102 0.88874470
1409 3.25264510 3.74161102 0.88281905
1410 3.24662051 3.74761102 0.87710726
1411 3.21559608 3.75361102 0.85872758
1412 3.23395262 3.75961102 0.86499376
1413 3.22157099 3.76561102 0.85562456
1414 3.23288363 3.77161102 0.85836228
1415 3.24727822 3.77761102 0.86263878
1416 3.27054391 3.78361102 0.87124311
1417 3.26792255 3.78961102 0.86697897
1418 3.27440935 3.79561102 0.86722147
1419 3.25685536 3.80161102 0.85525393
1420 3.23243666 3.80761102 0.83909747
1421 3.22611891 3.81361102 0.83233336
1422 3.21785664 3.81961102 0.82434375
1423 3.21837526 3.82561102 0.82122843
1424 3.20440102 3.83161102 0.80966807
1425 3.20538494 3.83761102 0.80671403
1426 3.18239760 3.84361102 0.78924768
1427 3.18737046 3.84961102 0.78861653
1428 3.14435867 3.85561102 0.75754496
1429 3.14007369 3.86161102 0.75079115
1430 3.13841625 3.86761102 0.74571115
1431 3.14970537 3.87361102 0.74922467
1432 3.15642011 3.87961102 0.74969787
1433 3.14912183 3.88561102 0.74083130
1434 3.14292313 3.89161102 0.73258263
1435 3.10534903 3.89761102 0.70223671
1436 3.10926450 3.90361102 0.70075111
1437 3.11625223 3.90961102 0.70145542
1438 3.12404090 3.91561102 0.70272911
1439 3.11734922 3.92161102 0.69364317
1440 3.08900076 3.92761102 0.66849704
1441 3.08159849 3.93361102 0.65846983
1442 3.08393638 3.93961102 0.65570929
1443 3.08803541 3.94561102 0.65427286
1444 3.09849956 3.95161102 0.65764238
1445 3.10096607 3.95761102 0.65497639
1446 3.06624862 3.96361102 0.62367391
1447 3.09893831 3.96961102 0.64431223
1448 3.09239284 3.97561102 0.63466747
1449 3.07344150 3.98161102 0.61518989
1450 3.09552665 3.98761102 0.62779095
1451 3.09401548 3.99361102 0.62192674
1452 3.08322940 3.99961102 0.60869498
1453 3.08972465 4.00561102 0.60908784
1454 3.10554606 4.01161102 0.61684772
1455 3.12235518 4.01761102 0.62531919
1456 3.14301139 4.02361102 0.63668888
1457 3.14070042 4.02961102 0.63025819
1458 3.14200811 4.03561102 0.62660823
1459 3.13929880 4.04161102 0.61979709
1460 3.12528738 4.04761102 0.60396983
1461 3.12032186 4.05361102 0.59519410
1462 3.13746607 4.05961102 0.60411224
1463 3.14599896 4.06561102 0.60612876
1464 3.13114937 4.07161102 0.58941516
1465 3.13619922 4.07761102 0.58864733
1466 3.16688731 4.08361102 0.60842353
1467 3.19079488 4.08961102 0.62253688
1468 3.19342070 4.09561102 0.61989274
1469 3.18665918 4.10161102 0.60982875
1470 3.17911270 4.10761102 0.59903709
1471 3.19947132 4.11361102 0.61047219
1472 3.22902208 4.11961102 0.62895427
1473 3.22849934 4.12561102 0.62386987
1474 3.23926037 4.13161102 0.62758366
1475 3.23209301 4.13761102 0.61727812
1476 3.23281788 4.14361102 0.61311937
1477 3.24588622 4.14961102 0.61868792
1478 3.24538080 4.15561102 0.61356397
1479 3.23944997 4.16161102 0.60409941
1480 3.25343543 4.16761102 0.61044376
1481 3.23428652 4.17361102 0.59033339
1482 3.21889197 4.17961102 0.57293080
1483 3.22453889 4.18561102 0.57264138
1484 3.22632038 4.19161102 0.56917794
1485 3.22557147 4.19761102 0.56361596
1486 3.22396515 4.20361102 0.55731661
1487 3.22683323 4.20961102 0.55471345
1488 3.24392700 4.21561102 0.56390960
1489 3.25424722 4.22161102 0.56747212
1490 3.22952637 4.22761102 0.54191302
1491 3.23463804 4.23361102 0.54116623
1492 3.21985054 4.23961102 0.52357004
1493 3.25864450 4.24561102 0.55122340
1494 3.26578895 4.25161102 0.55217792
1495 3.28158811 4.25761102 0.56032110
1496 3.27647236 4.26361102 0.55107977
1497 3.28564914 4.26961102 0.55372785
1498 3.29584952 4.27561102 0.55722060
1499 3.30997004 4.28161102 0.56394515
1500 3.33019643 4.28761102 0.57563601
1501 3.34381600 4.29361102 0.58184981
1502 3.32646472 4.29961102 0.56270140
1503 3.36406511 4.30561102 0.58853891
1504 3.35754120 4.31161102 0.57836782
1505 3.35510275 4.31761102 0.57146343
1506 3.33965612 4.32361102 0.55373367
1507 3.34444167 4.32961102 0.55272199
1508 3.35000123 4.33561102 0.55235489
1509 3.35572654 4.34161102 0.55212588
1510 3.33943677 4.34761102 0.53340594
1511 3.33870135 4.35361102 0.52769667
1512 3.33743044 4.35961102 0.52150662
1513 3.33702542 4.36561102 0.51603089
1514 3.34563623 4.37161102 0.51826547
1515 3.34038165 4.37761102 0.50860772
1516 3.36070926 4.38361102 0.52089114
1517 3.40425587 4.38961102 0.55256714
1518 3.41256089 4.39561102 0.55448684
1519 3.40385640 4.40161102 0.54219036
1520 3.42163534 4.40761102 0.55204984
1521 3.40943427 4.41361102 0.53678299
1522 3.38465352 4.41961102 0.51056248
1523 3.37797528 4.42561102 0.49962047
1524 3.40294498 4.43161102 0.51596199
1525 3.41462748 4.43761102 0.52082133
1526 3.45378751 4.44361102 0.54883741
1527 3.46534446 4.44961102 0.55347412
1528 3.46672397 4.45561102 0.54961998
1529 3.47811174 4.46161102 0.55411300
1530 3.50019972 4.46761102 0.56743302
1531 3.50117792 4.47361102 0.56329083
1532 3.47966771 4.47961102 0.54035001
1533 3.47430025 4.48561102 0.53075026
1534 3.45809655 4.49161102 0.51180272
1535 3.47039697 4.49761102 0.51720524
1536 3.45308273 4.50361102 0.49711273
1537 3.45852407 4.50961102 0.49662791
1538 3.44898559 4.51561102 0.48308166
1539 3.41957101 4.52161102 0.45177711
1540 3.42168391 4.52761102 0.44830590
1541 3.41392124 4.53361102 0.43596165
1542 3.39896628 4.53961102 0.41700858
1543 3.39967906 4.54561102 0.41219721
1544 3.37656695 4.55161102 0.38550241
1545 3.35213210 4.55761102 0.35724577
1546 3.35523755 4.56361102 0.35454074
1547 3.35505253 4.56961102 0.34875075
1548 3.36299592 4.57561102 0.35057147
1549 3.37591146 4.58161102 0.35703969
1550 3.37280297 4.58761102 0.34851685
1551 3.37123715 4.59361102 0.34141548
1552 3.39775921 4.59961102 0.36063118
1553 3.42045100 4.60561102 0.37614879
1554 3.42986454 4.61161102 0.37930944
1555 3.43257075 4.61761102 0.37625974
1556 3.47936862 4.62361102 0.41373597
1557 3.45783297 4.62961102 0.38851393
1558 3.46879803 4.63561102 0.39308414
1559 3.47557907 4.64161102 0.39380219
1560 3.47642917 4.64761102 0.38906323
1561 3.46639212 4.65361102 0.37424032
1562 3.46804029 4.65961102 0.37020120
1563 3.46456095 4.66561102 0.36137885
1564 3.45892949 4.67161102 0.35050925
1565 3.45067198 4.67761102 0.33712108
1566 3.45598299 4.68361102 0.33647234
1567 3.46134145 4.68961102 0.33586814
1568 3.44450148 4.69561102 0.31426924
1569 3.44076618 4.70161102 0.30501243
1570 3.42334637 4.70761102 0.28262701
1571 3.40921387 4.71361102 0.26325934
1572 3.42040453 4.71961102 0.26826334
1573 3.42486331 4.72561102 0.26677829
1574 3.42540406 4.73161102 0.26151295
1575 3.43161194 4.73761102 0.26171358
1576 3.42415127 4.74361102 0.24869876
1577 3.40589035 4.74961102 0.22512922
1578 3.40705109 4.75561102 0.22041157
1579 3.40496342 4.76161102 0.21251568
1580 3.41998021 4.76761102 0.22131775
1581 3.41672608 4.77361102 0.21228376
1582 3.43065837 4.77961102 0.22002849
1583 3.45136179 4.78561102 0.23434728
1584 3.43933246 4.79161102 0.21678287
1585 3.43897740 4.79761102 0.21057461
1586 3.44609397 4.80361102 0.21166601
1587 3.40137198 4.80961102 0.16184231
1588 3.39195569 4.81561102 0.14661063
1589 3.39092012 4.82161102 0.13964751
1590 3.39577076 4.82761102 0.13850932
1591 3.38685257 4.83361102 0.12372006
1592 3.37721635 4.83961102 0.10818948
1593 3.37562863 4.84561102 0.10064325
1594 3.36594766 4.85161102 0.08503017
1595 3.33539552 4.85761102 0.04856172
1596 3.33449540 4.86361102 0.04166864
1597 3.34761284 4.86961102 0.04877879
1598 3.35298794 4.87561102 0.04815461
1599 3.33484943 4.88161102 0.02403242
1600 3.35297045 4.88761102 0.03614789
1601 3.35427848 4.89361102 0.03145859
1602 3.36879700 4.89961102 0.03997165
1603 3.34796025 4.90561102 0.01314518
1604 3.34961472 4.91161102 0.00879991
1605 3.31702745 4.91761102 -0.02978284
1606 3.32818031 4.92361102 -0.02463190
1607 3.35319053 4.92961102 -0.00562413
1608 3.35189528 4.93561102 -0.01291906
1609 3.33175054 4.94161102 -0.03905422
1610 3.35707816 4.94761102 -0.01973525
1611 3.37180239 4.95361102 -0.01101208
1612 3.35027250 4.95961102 -0.03853265
1613 3.33195902 4.96561102 -0.06281429
1614 3.32338867 4.97161102 -0.07734868
1615 3.31996128 4.97761102 -0.08674426
1616 3.33117235 4.98361102 -0.08155167
1617 3.34104318 4.98961102 -0.07769314
1618 3.35822638 4.99561102 -0.06653911
1619 3.36222582 5.00161102 -0.06853511
1620 3.35262804 5.00761102 -0.08408725
1621 3.35035894 5.01361102 -0.09232409
1622 3.36938973 5.01961102 -0.07934148
1623 3.36822285 5.02561102 -0.08648367
1624 3.35798174 5.03161102 -0.10265181
1625 3.34294311 5.03761102 -0.12355504
1626 3.34108865 5.04361102 -0.13134543
1627 3.34977636 5.04961102 -0.12868053
1628 3.32274229 5.05561102 -0.16136380
1629 3.32814547 5.06161102 -0.16195277
1630 3.32257851 5.06761102 -0.17335593
1631 3.32990940 5.07361102 -0.17204505
1632 3.32667547 5.07961102 -0.18113382
1633 3.33200426 5.08561102 -0.18179389
1634 3.33066978 5.09161102 -0.18900120
1635 3.32273420 5.09761102 -0.20266682
1636 3.32989187 5.10361102 -0.20153304
1637 3.35228313 5.10961102 -0.18545175
1638 3.36178625 5.11561102 -0.18200826
1639 3.34952983 5.12161102 -0.19992841
1640 3.34966246 5.12761102 -0.20567385
1641 3.37601475 5.13361102 -0.18571547
1642 3.37570691 5.13961102 -0.19190983
1643 3.35192417 5.14561102 -0.22104956
1644 3.34539625 5.15161102 -0.23324991
1645 3.33549533 5.15761102 -0.24868209
1646 3.33080417 5.16361102 -0.25902298
1647 3.32961928 5.16961102 -0.26595591
1648 3.33818567 5.17561102 -0.26348107
1649 3.34522519 5.18161102 -0.26247815
1650 3.32758119 5.18761102 -0.28521765
1651 3.34373001 5.19361102 -0.27547586
1652 3.37112644 5.19961102 -0.25484582
1653 3.38300373 5.20561102 -0.24915822
1654 3.37741059 5.21161102 -0.26036874
1655 3.37911040 5.21761102 -0.26451820
1656 3.36886447 5.22361102 -0.28014987
1657 3.37156548 5.22961102 -0.28331522
1658 3.38458891 5.23561102 -0.27657263
1659 3.37299774 5.24161102 -0.29343396
1660 3.37676592 5.24761102 -0.29556680
1661 3.40904184 5.25361102 -0.27036569
1662 3.40119934 5.25961102 -0.28366634
1663 3.41878577 5.26561102 -0.27253705
1664 3.43021669 5.27161102 -0.26730772
1665 3.42909284 5.27761102 -0.27416550
1666 3.42963055 5.28361102 -0.27941438
1667 3.41227985 5.28961102 -0.30175683
1668 3.40356940 5.29561102 -0.31574840
1669 3.40789531 5.30161102 -0.31733640
1670 3.42306337 5.30761102 -0.30862899
1671 3.44513533 5.31361102 -0.29330242
1672 3.45121755 5.31961102 -0.29322382
1673 3.48179959 5.32561102 -0.26963609
1674 3.46883475 5.33161102 -0.28784893
1675 3.47841462 5.33761102 -0.28441874
1676 3.46988189 5.34361102 -0.29832074
1677 3.48592078 5.34961102 -0.28872410
1678 3.49809688 5.35561102 -0.28280555
1679 3.48877014 5.36161102 -0.29747282
1680 3.49363656 5.36761102 -0.29855490
1681 3.47815637 5.37361102 -0.31898498
1682 3.44653833 5.37961102 -0.35440376
1683 3.45850268 5.38561102 -0.34882027
1684 3.47067626 5.39161102 -0.34302785
1685 3.48324184 5.39761102 -0.33685328
1686 3.48251744 5.40361102 -0.34317702
1687 3.47841294 5.40961102 -0.35265021
1688 3.47561990 5.41561102 -0.36086460
1689 3.46424468 5.42161102 -0.37701376
1690 3.47616318 5.42761102 -0.37152543
1691 3.49870026 5.43361102 -0.35612193
1692 3.51263174 5.43961102 -0.34869931
1693 3.50959954 5.44561102 -0.35715026
1694 3.49312897 5.45161102 -0.37804690
1695 3.47263579 5.45761102 -0.40243840
1696 3.47810323 5.46361102 -0.40292587
1697 3.46679976 5.46961102 -0.41870146
1698 3.47484665 5.47561102 -0.41684176
1699 3.45992551 5.48161102 -0.43576602
1700 3.44723450 5.48761102 -0.45251196
1701 3.44005566 5.49361102 -0.46422466
1702 3.42070378 5.49961102 -0.48652769
1703 3.39310923 5.50561102 -0.51559803
1704 3.41647522 5.51161102 -0.50064133
1705 3.41478997 5.51761102 -0.50727925
1706 3.41629048 5.52361102 -0.51115168
1707 3.45511260 5.52961102 -0.48267113
1708 3.44451677 5.53561102 -0.49713866
1709 3.42842945 5.54161102 -0.51618037
1710 3.41376406 5.54761102 -0.53376839
1711 3.41240721 5.55361102 -0.53997506
1712 3.39499602 5.55961102 -0.55953005
1713 3.40897987 5.56561102 -0.55289519
1714 3.41518879 5.57161102 -0.55272110
1715 3.39142943 5.57761102 -0.57727315
1716 3.38410279 5.58361102 -0.58810345
1717 3.37338991 5.58961102 -0.60153782
1718 3.35355982 5.59561102 -0.62196910
1719 3.32738317 5.60161102 -0.64683846
1720 3.30376625 5.60761102 -0.66913815
1721 3.29106818 5.61361102 -0.68291562
1722 3.29875385 5.61961102 -0.68168328
1723 3.31933018 5.62561102 -0.67094651
1724 3.31735316 5.63161102 -0.67684010
1725 3.31484732 5.63761102 -0.68307695
1726 3.28857747 5.64361102 -0.70628540
1727 3.28035617 5.64961102 -0.71628128
1728 3.28409297 5.65561102 -0.71785873
1729 3.29882371 5.66161102 -0.71175321
1730 3.32089918 5.66761102 -0.70036985
1731 3.30455966 5.67361102 -0.71613927
1732 3.29329191 5.67961102 -0.72808406
1733 3.28041314 5.68561102 -0.74089471
1734 3.29754679 5.69161102 -0.73337136
1735 3.30312809 5.69761102 -0.73365594
1736 3.31060498 5.70361102 -0.73265155
1737 3.31242606 5.70961102 -0.73548934
1738 3.32644353 5.71561102 -0.73003363
1739 3.34657465 5.72161102 -0.72030370
1740 3.32535630 5.72761102 -0.73891482
1741 3.30981050 5.73361102 -0.75325973
1742 3.30052654 5.73961102 -0.76322398
1743 3.29811527 5.74561102 -0.76863172
1744 3.30646242 5.75161102 -0.76712815
1745 3.29691001 5.75761102 -0.77701175
1746 3.26888908 5.76361102 -0.79797370
1747 3.30265307 5.76961102 -0.78093517
1748 3.31366555 5.77561102 -0.77779452
1749 3.31239771 5.78161102 -0.78234191
1750 3.31990903 5.78761102 -0.78139969
1751 3.31818858 5.79361102 -0.78619415
1752 3.32750779 5.79961102 -0.78413863
1753 3.31463284 5.80561102 -0.79571178
1754 3.31820733 5.81161102 -0.79717851
1755 3.29608199 5.81761102 -0.81384149
1756 3.27634711 5.82361102 -0.82852456
1757 3.28815394 5.82961102 -0.82525906
1758 3.27856356 5.83561102 -0.83396314
1759 3.26369649 5.84161102 -0.84529562
1760 3.26018883 5.84761102 -0.85033726
1761 3.28977839 5.85361102 -0.83768811
1762 3.28427739 5.85961102 -0.84391383
1763 3.29458236 5.86561102 -0.84159649
1764 3.29868597 5.87161102 -0.84261923
1765 3.30177430 5.87761102 -0.84418362
1766 3.33294562 5.88361102 -0.83042443
1767 3.32271406 5.88961102 -0.83935776
1768 3.33288060 5.89561102 -0.83708563
1769 3.32332826 5.90161102 -0.84549230
1770 3.32087059 5.90761102 -0.84997830
1771 3.32936205 5.91361102 -0.84866312
1772 3.34663704 5.91961102 -0.84264558
1773 3.33290484 5.92561102 -0.85310602
1774 3.33622552 5.93161102 -0.85450086
1775 3.34598312 5.93761102 -0.85254294
1776 3.32735907 5.94361102 -0.86515313
1777 3.32333454 5.94961102 -0.87013695
1778 3.31139406 5.95561102 -0.87883770
1779 3.29226000 5.96161102 -0.89055084
1780 3.29787391 5.96761102 -0.89072640
1781 3.28920327 5.97361102 -0.89729870
1782 3.29396314 5.97961102 -0.89784543
1783 3.28622165 5.98561102 -0.90381100
1784 3.28767365 5.99161102 -0.90574788
1785 3.28041145 5.99761102 -0.91128881
1786 3.29105349 6.00361102 -0.90936755
1787 3.30216935 6.00961102 -0.90722750
1788 3.32728240 6.01561102 -0.89902257
1789 3.30914945 6.02161102 -0.90932763
1790 3.30133941 6.02761102 -0.91498683
1791 3.30238476 6.03361102 -0.91697471
1792 3.30005357 6.03961102 -0.92026654
1793 3.31321966 6.04561102 -0.91743890
1794 3.31913978 6.05161102 -0.91747068
1795 3.30279065 6.05761102 -0.92613138
1796 3.28711408 6.06361102 -0.93408959
1797 3.27468938 6.06961102 -0.94050901
1798 3.25792221 6.07561102 -0.94800017
1799 3.25806376 6.08161102 -0.94984846
1800 3.25017085 6.08761102 -0.95410111
1801 3.24922437 6.09361102 -0.95615844
1802 3.25218889 6.09961102 -0.95704298
1803 3.24889582 6.10561102 -0.95969610
1804 3.26513225 6.11161102 -0.95676903
1805 3.25694861 6.11761102 -0.96079795
1806 3.25214830 6.12361102 -0.96373623
1807 3.24997175 6.12961102 -0.96588596
1808 3.25638385 6.13561102 -0.96577916
1809 3.28955938 6.14161102 -0.95837502
1810 3.28338115 6.14761102 -0.96178090
1811 3.29398895 6.15361102 -0.96050899
1812 3.28668919 6.15961102 -0.96412458
1813 3.28641594 6.16561102 -0.96577083
1814 3.25276963 6.17161102 -0.97529335
1815 3.23099451 6.17761102 -0.98105229
1816 3.23662749 6.18361102 -0.98112333
1817 3.25917300 6.18961102 -0.97778957
1818 3.26873237 6.19561102 -0.97703737
1819 3.27013621 6.20161102 -0.97800634
1820 3.27991121 6.20761102 -0.97721200
1821 3.28056752 6.21361102 -0.97833233
1822 3.26132806 6.21961102 -0.98324577
1823 3.24504829 6.22561102 -0.98706267
1824 3.25355289 6.23161102 -0.98665800
1825 3.26546109 6.23761102 -0.98567889
1826 3.25970654 6.24361102 -0.98759296
1827 3.23304775 6.24961102 -0.99219400
1828 3.19725593 6.25561102 -0.99653775
1829 3.18398031 6.26161102 -0.99795513
1830 3.18143694 6.26761102 -0.99846478
1831 3.18179231 6.27361102 -0.99876153
1832 3.18902980 6.27961102 -0.99869920
1833 3.18976460 0.00242571 -0.99895382
1834 3.19873396 0.00842571 -0.99881363
1835 3.19445620 0.01442571 -0.99926136
1836 3.15874907 0.02042571 -0.99999466
1837 3.15572841 0.02642571 -0.99992448
1838 3.16503555 0.03242571 -0.99995965
1839 3.18091592 0.03842571 -0.99999960
1840 3.19911754 0.04442571 -0.99991421
1841 3.18201743 0.05042571 -0.99994999
1842 3.17559919 0.05642571 -0.99974870
1843 3.18529215 0.06242571 -0.99982467
1844 3.16365145 0.06842571 -0.99892525
1845 3.15413560 0.07442571 -0.99808587
1846 3.15048187 0.08042571 -0.99744236
1847 3.14555260 0.08642571 -0.99660163
1848 3.13489206 0.09242571 -0.99509101
1849 3.13397975 0.09842571 -0.99438317
1850 3.13861105 0.10442571 -0.99423738
1851 3.17372199 0.11042571 -0.99693640
1852 3.16909672 0.11642571 -0.99604907
1853 3.18656021 0.12242571 -0.99700162
1854 3.19440679 0.12842571 -0.99714281
1855 3.17926742 0.13442571 -0.99532328
1856 3.17153195 0.14042571 -0.99390258
1857 3.15880011 0.14642571 -0.99166293
1858 3.14009352 0.15242571 -0.98817694
1859 3.12256691 0.15842571 -0.98429676
1860 3.11611062 0.16442571 -0.98202165
1861 3.11781629 0.17042571 -0.98120197
1862 3.12727853 0.17642571 -0.98186424
1863 3.11518297 0.18242571 -0.97827302
1864 3.10028564 0.18842571 -0.97372729
1865 3.08523197 0.19442571 -0.96871756
1866 3.08161457 0.20042571 -0.96628609
1867 3.08333650 0.20642571 -0.96517578
1868 3.09929549 0.21242571 -0.96773316
1869 3.09684799 0.21842571 -0.96557008
1870 3.09494217 0.22442571 -0.96348328
1871 3.10155404 0.23042571 -0.96364694
1872 3.10772541 0.23642571 -0.96369271
1873 3.12907949 0.24242571 -0.96767871
1874 3.13479611 0.24842571 -0.96760721
1875 3.13041817 0.25442571 -0.96493513
1876 3.11388080 0.26042571 -0.95877478
1877 3.10561080 0.26642571 -0.95462224
1878 3.09256109 0.27242571 -0.94877600
1879 3.08502010 0.27842571 -0.94441088
1880 3.10053178 0.28442571 -0.94749524
1881 3.09073177 0.29042571 -0.94232482
1882 3.08413171 0.29642571 -0.93803290
1883 3.07415164 0.30242571 -0.93237553
1884 3.08011812 0.30842571 -0.93236341
1885 3.08210737 0.31442571 -0.93090594
1886 3.08678738 0.32042571 -0.93042299
1887 3.08582527 0.32642571 -0.92784894
1888 3.08585503 0.33242571 -0.92560578
1889 3.07150980 0.33842571 -0.91771430
1890 3.05827274 0.34442571 -0.90990322
1891 3.06759324 0.35042571 -0.91127562
1892 3.06804103 0.35642571 -0.90897520
1893 3.07746540 0.36242571 -0.91039731
1894 3.05846223 0.36842571 -0.89976914
1895 3.03776844 0.37442571 -0.88780171
1896 3.04661950 0.38042571 -0.88911024
1897 3.04726721 0.38642571 -0.88664780
1898 3.02186552 0.39242571 -0.87169152
1899 3.02875825 0.39842571 -0.87212866
1900 3.02119731 0.40442571 -0.86541361
1901 2.99767207 0.41042571 -0.85024472
1902 3.02637843 0.41642571 -0.86197687
1903 3.02132806 0.42242571 -0.85632239
1904 3.00818316 0.42842571 -0.84627885
1905 2.97555539 0.43442571 -0.82507411
1906 3.00107306 0.44042571 -0.83594422
1907 2.98586144 0.44642571 -0.82411580
1908 2.99216350 0.45242571 -0.82428686
1909 3.01778579 0.45842571 -0.83523706
1910 3.02341719 0.46442571 -0.83503431
1911 3.01818165 0.47042571 -0.82879997
1912 3.01301092 0.47642571 -0.82249786
1913 3.00884951 0.48242571 -0.81667601
1914 3.01346999 0.48842571 -0.81587912
1915 3.02596356 0.49442571 -0.81961662
1916 3.02076516 0.50042571 -0.81314966
1917 3.01865637 0.50642571 -0.80840322
1918 3.00229298 0.51242571 -0.79503844
1919 3.02089597 0.51842571 -0.80261955
1920 3.03198354 0.52442571 -0.80564384
1921 3.02726954 0.53042571 -0.79925075
1922 3.02500892 0.53642571 -0.79425892
1923 3.04807473 0.54242571 -0.80451159
1924 3.05983306 0.54842571 -0.80791832
1925 3.06202864 0.55442571 -0.80567055
1926 3.08584026 0.56042571 -0.81609316
1927 3.08926930 0.56642571 -0.81460466
1928 3.11205558 0.57242571 -0.82422575
1929 3.10899928 0.57842571 -0.81906379
1930 3.11682267 0.58442571 -0.82010851
1931 3.10509376 0.59042571 -0.80983553
1932 3.10792416 0.59642571 -0.80797200
1933 3.10918463 0.60242571 -0.80517031
1934 3.12963823 0.60842571 -0.81365753
1935 3.10182290 0.61442571 -0.79353776
1936 3.09620637 0.62042571 -0.78641548
1937 3.10807989 0.62642571 -0.79002995
1938 3.08734984 0.63242571 -0.77336234
1939 3.09960299 0.63842571 -0.77731147
1940 3.10091473 0.64442571 -0.77435347
1941 3.11911511 0.65042571 -0.78201548
1942 3.12246603 0.65642571 -0.78036168
1943 3.11465253 0.66242571 -0.77164953
1944 3.11808040 0.66842571 -0.77001098
1945 3.12217181 0.67442571 -0.76879184
1946 3.12815166 0.68042571 -0.76877896
1947 3.11619641 0.68642571 -0.75717300
1948 3.09728338 0.69242571 -0.74066618
1949 3.09088160 0.69842571 -0.73227701
1950 3.07501278 0.70442571 -0.71721028
1951 3.08025604 0.71042571 -0.71668274
1952 3.08558116 0.71642571 -0.71621192
1953 3.10186249 0.72242571 -0.72334910
1954 3.11267116 0.72842571 -0.72666103
1955 3.12291586 0.73442571 -0.72957056
1956 3.10750181 0.74042571 -0.71475923
1957 3.13055771 0.74642571 -0.72658308
1958 3.12099887 0.75242571 -0.71580542
1959 3.11888418 0.75842571 -0.71011543
1960 3.09278476 0.76442571 -0.68715277
1961 3.08402709 0.77042571 -0.67635670
1962 3.07942790 0.77642571 -0.66851176
1963 3.09099594 0.78242571 -0.67264233
1964 3.09845972 0.78842571 -0.67372477
1965 3.08351343 0.79442571 -0.65809917
1966 3.09175467 0.80042571 -0.65978501
1967 3.08727436 0.80642571 -0.65187345
1968 3.10571356 0.81242571 -0.66125576
1969 3.12551046 0.81842571 -0.67154239
1970 3.16254526 0.82442571 -0.69421106
1971 3.16467757 0.83042571 -0.69142202
1972 3.15512001 0.83642571 -0.68009922
1973 3.16978020 0.84242571 -0.68642260
1974 3.15588045 0.84842571 -0.67181649
1975 3.16967866 0.85442571 -0.67757228
1976 3.15100960 0.86042571 -0.65922495
1977 3.16252382 0.86642571 -0.66336130
1978 3.16963441 0.87242571 -0.66419194
1979 3.17416273 0.87842571 -0.66309105
1980 3.19225320 0.88442571 -0.67209255
1981 3.20659656 0.89042571 -0.67824707
1982 3.19759417 0.89642571 -0.66714689
1983 3.19376120 0.90242571 -0.65978992
1984 3.16454994 0.90842571 -0.63292691
1985 3.16915154 0.91442571 -0.63184363
1986 3.14044350 0.92042571 -0.60456644
1987 3.15316571 0.92642571 -0.60990735
1988 3.14564027 0.93242571 -0.59913334
1989 3.14031138 0.93842571 -0.59002463
1990 3.14365242 0.94442571 -0.58787574
1991 3.14073160 0.95042571 -0.58063593
1992 3.14741521 0.95642571 -0.58119237
1993 3.15600093 0.96242571 -0.58329459
1994 3.17122310 0.96842571 -0.59076049
1995 3.17863461 0.97442571 -0.59189877
1996 3.16481252 0.98042571 -0.57580669
1997 3.14211600 0.98642571 -0.55211098
1998 3.16136288 0.99242571 -0.56310707
1999 3.16610420 0.99842571 -0.56206647
2000 3.15942497 1.00442571 -0.55153468
2001 3.17301562 1.01042571 -0.55785049
2002 3.16340354 1.01642571 -0.54482592
2003 3.14117256 1.02242571 -0.52093890
2004 3.13719597 1.02842571 -0.51239716
2005 3.13803532 1.03442571 -0.50795866
2006 3.15042363 1.04042571 -0.51345102
2007 3.15117733 1.04642571 -0.50894203
2008 3.14069399 1.05242571 -0.49468466
2009 3.12173363 1.05842571 -0.47284046
2010 3.13135365 1.06442571 -0.47602713
2011 3.11810959 1.07042571 -0.45901622
2012 3.11510885 1.07642571 -0.45100122
2013 3.12649687 1.08242571 -0.45580358
2014 3.14784316 1.08842571 -0.46940881
2015 3.13490211 1.09442571 -0.45260102
2016 3.14199358 1.10042571 -0.45357403
2017 3.15754098 1.10642571 -0.46206205
2018 3.15864875 1.11242571 -0.45771787
2019 3.14306598 1.11842571 -0.43842358
2020 3.16493552 1.12442571 -0.45263081
2021 3.16490858 1.13042571 -0.44724841
2022 3.16842089 1.13642571 -0.44502202
2023 3.16852956 1.14242571 -0.43973853
2024 3.17308139 1.14842571 -0.43843742
2025 3.18945335 1.15442571 -0.44773560
2026 3.19621375 1.16042571 -0.44841539
2027 3.20887203 1.16642571 -0.45435675
2028 3.21305572 1.17242571 -0.45273800
2029 3.20195285 1.17842571 -0.43742286
2030 3.21635393 1.18442571 -0.44496205
2031 3.20163277 1.19042571 -0.42631104
2032 3.19587498 1.19642571 -0.41564599
2033 3.19976341 1.20242571 -0.41372454
2034 3.19228780 1.20842571 -0.40141912
2035 3.18347582 1.21442571 -0.38780938
2036 3.18039738 1.22042571 -0.37942555
2037 3.17469972 1.22642571 -0.36857690
2038 3.17544994 1.23242571 -0.36369167
2039 3.17030931 1.23842571 -0.35329160
2040 3.16397416 1.24442571 -0.34172532
2041 3.15117004 1.25042571 -0.32399383
2042 3.17135574 1.25642571 -0.33738130
2043 3.16238887 1.26242571 -0.32325470
2044 3.15165825 1.26842571 -0.30737781
2045 3.16961114 1.27442571 -0.31872980
2046 3.15787683 1.28042571 -0.30187118
2047 3.17684296 1.28642571 -0.31420670
2048 3.21851484 1.29242571 -0.34786490
2049 3.22957155 1.29842571 -0.35260132
2050 3.23074138 1.30442571 -0.34807728
2051 3.22489742 1.31042571 -0.33694982
2052 3.21423430 1.31642571 -0.32121506
2053 3.24317763 1.32242571 -0.34285609
2054 3.25851246 1.32842571 -0.35161005
2055 3.25886162 1.33442571 -0.34631445
2056 3.25450118 1.34042571 -0.33657672
2057 3.26217563 1.34642571 -0.33815300
2058 3.26977610 1.35242571 -0.33965875
2059 3.26443794 1.35842571 -0.32897306
2060 3.25720211 1.36442571 -0.31644550
2061 3.24168696 1.37042571 -0.29596433
2062 3.25786855 1.37642571 -0.30567427
2063 3.23546274 1.38242571 -0.27850839
2064 3.21269618 1.38842571 -0.25076859
2065 3.20110734 1.39442571 -0.23370386
2066 3.19609749 1.40042571 -0.22298495
2067 3.16450334 1.40642571 -0.18618842
2068 3.15364160 1.41242571 -0.16959584
2069 3.14522954 1.41842571 -0.15537544
2070 3.11775496 1.42442571 -0.12222652
2071 3.11923565 1.43042571 -0.11773986
2072 3.11790385 1.43642571 -0.11045597
2073 3.10925793 1.44242571 -0.09588834
2074 3.13239089 1.44842571 -0.11292744
2075 3.13699431 1.45442571 -0.11153969
2076 3.14817372 1.46042571 -0.11668526
2077 3.15827907 1.46642571 -0.12076157
2078 3.15109201 1.47242571 -0.10766090
2079 3.17714192 1.47842571 -0.12757130
2080 3.16224378 1.48442571 -0.10681756
2081 3.16766371 1.49042571 -0.10624079
2082 3.15765563 1.49642571 -0.09031038
2083 3.18012968 1.50242571 -0.10670411
2084 3.18477502 1.50842571 -0.10535709
2085 3.18105610 1.51442571 -0.09568744
2086 3.19761549 1.52042571 -0.10619284
2087 3.23368519 1.52642571 -0.13604001
2088 3.24117058 1.53242571 -0.13751143
2089 3.23676088 1.53842571 -0.12719336
2090 3.24233819 1.54442571 -0.12677409
2091 3.24729945 1.55042571 -0.12574366
2092 3.23777509 1.55642571 -0.11032799
2093 3.23223822 1.56242571 -0.09885446
2094 3.24854293 1.56842571 -0.10910328
2095 3.24235862 1.57442571 -0.09698390
2096 3.21722351 1.58042571 -0.06595356
